2000 1988
2001 1988
2002 1988
2002 1989
2003 1989
2003 1990
2004 1990
2005 1990
2005 1991
2006 1991
2006 1992
2007 1992
2007 1993
2008 1993
2009 1993
2009 1994
2010 1994
2010 1995
2010 1996
2011 1996
2012 1997
2012 1998
2012 1999
2012 1999
2011 2000
2012 2000
2011 2000
2011 2001
2010 2001
2010 2001
2010 2002
2009 2003
2009 2003
2008 2005
2008 2005
2007 2006
2007 2006
2006 2007
2006 2007
2005 2008
2005 2008
2004 2009
2004 2009
2003 2010
2003 2010
2002 2011
2002 2011
2001 2012
2001 2012
2000 2013
