-1.17027 -0.129157 0.273777
-1.17027 -0.129157 0.273777
-1.17027 -0.129157 0.273777
-1.17027 -0.129157 0.273777
-1.17027 -0.129157 0.273777
-1.17027 -0.129157 0.273777
-1.17027 -0.129157 0.273777
-1.17027 -0.129157 0.273777
-1.1699 -0.129054 0.271367
-1.16934 -0.128896 0.270709
-1.15628 -0.125303 0.261072
-1.12943 -0.118263 0.241814
-1.09475 -0.109844 0.225112
-1.05711 -0.101453 0.198585
-1.00115 -0.090587 0.16586
-0.962444 -0.08425 0.150604
-0.901287 -0.075208 0.139436
-0.824312 -0.064578 0.131833
-0.725158 -0.05155 0.123879
-0.635128 -0.040497 0.111227
-0.558388 -0.032092 0.104422
-0.482065 -0.024146 0.101492
-0.401779 -0.016032 0.098426
-0.318254 -0.007855 0.095224
-0.214845 0.001964 0.091268
-0.139914 0.008717 0.088163
-0.044488 0.017229 0.083014
0.045156 0.024653 0.077443
0.125898 0.03079 0.072065
0.203716 0.036326 0.06635
0.283526 0.041597 0.064502
0.401032 0.048709 0.053717
0.475767 0.05261 0.044188
0.552475 0.055737 0.03358
0.619171 0.057778 0.018143
0.712364 0.058749 -0.014055
0.786076 0.057449 -0.036187
0.857088 0.054501 -0.058246
0.924168 0.050152 -0.091775
0.999895 0.042091 -0.154125
1.07382 0.029859 -0.238402
1.12251 0.017271 -0.301311
1.18165 -0.002226 -0.366429
1.33285 -0.06606 -0.435393
1.40459 -0.099396 -0.407957
1.47518 -0.129099 -0.357647
1.54691 -0.1547 -0.298047
1.6349 -0.181175 -0.240163
1.71135 -0.199789 -0.228912
1.81995 -0.223649 -0.154271
1.89512 -0.234085 -0.088399
1.97005 -0.239537 -0.024088
2.04619 -0.240246 0.036631
2.12663 -0.235968 0.102509
2.24255 -0.222011 0.174409
2.31766 -0.208135 0.207516
2.39315 -0.191761 0.229129
2.46427 -0.174877 0.24409
2.79038 -0.092554 0.144668
2.844 -0.085136 0.080231
2.89425 -0.081666 -0.003282
2.93758 -0.08237 -0.060227
3.00793 -0.087794 -0.148478
3.05679 -0.095089 -0.216213
3.09194 -0.103235 -0.276319
3.10579 -0.107158 -0.349088
3.10643 -0.107371 -0.465177
3.10643 -0.107371 -0.56534
3.10643 -0.107371 -0.63113
3.10672 -0.107598 -0.695111
3.10705 -0.107889 -0.758564
3.10737 -0.108198 -0.820977
3.10881 -0.109853 -0.900623
3.11519 -0.118532 -0.981842
3.13391 -0.148049 -1.04839
3.16612 -0.206259 -1.114
3.20274 -0.284279 -1.1823
3.24249 -0.385653 -1.27078
3.26505 -0.463026 -1.33661
3.28164 -0.537625 -1.39698
3.29393 -0.613183 -1.44516
3.3051 -0.712183 -1.4982
3.31119 -0.805143 -1.54538
3.31258 -0.873242 -1.56469
3.31273 -0.896714 -1.56395
3.31273 -0.897425 -1.56395
3.31273 -0.897425 -1.56395
3.31273 -0.897425 -1.56395
3.31273 -0.897425 -1.56395
3.31273 -0.897425 -1.56395
3.31273 -0.89791 -1.56395
3.31273 -0.89791 -1.6018
3.31272 -0.898394 -1.73923
3.31266 -0.898651 -1.81127
3.31262 -0.898869 -1.89047
3.31262 -0.898869 -1.95258
3.31262 -0.898869 -2.01624
3.3124 -0.899302 -2.08174
3.31211 -0.899775 -2.1746
3.31188 -0.90012 -2.24161
3.31157 -0.900483 -2.30258
3.31157 -0.900491 -2.36315
3.31157 -0.900491 -2.44821
3.31119 -0.900794 -2.52012
3.31119 -0.900794 -2.58371
3.31119 -0.900794 -2.6467
3.31119 -0.900794 -2.7118
3.31119 -0.900794 -2.80327
3.31119 -0.900794 -2.86904
3.31119 -0.900794 -2.93472
3.31119 -0.900794 -2.99613
3.31119 -0.900794 -3.08207
3.31119 -0.900794 3.13344
3.31038 -0.90077 3.06996
3.31022 -0.900762 3.00603
3.30974 -0.900691 2.92718
3.30974 -0.900691 2.85059
3.3096 -0.900643 2.78675
3.30928 -0.900527 2.72003
3.30928 -0.900527 2.65351
3.30928 -0.900527 2.57136
3.30928 -0.900527 2.51039
3.30889 -0.900238 2.44693
3.30889 -0.900238 2.36319
3.30889 -0.900238 2.28807
3.30889 -0.900238 2.22458
3.30889 -0.900238 2.16323
3.30882 -0.900114 2.09569
3.30864 -0.899821 2.0029
3.30864 -0.899821 1.94379
3.30864 -0.899821 1.87897
3.30864 -0.899821 1.81598
3.30864 -0.899821 1.72192
3.30864 -0.899821 1.66004
3.30863 -0.899539 1.59478
3.30868 -0.892922 1.533
3.3116 -0.852185 1.44972
3.32009 -0.7891 1.36644
3.3333 -0.730454 1.30199
3.35129 -0.668748 1.23873
3.37527 -0.602231 1.17646
3.42223 -0.495418 1.08345
3.45923 -0.428129 1.02299
3.50198 -0.359951 0.976742
3.54509 -0.297188 0.947162
3.60214 -0.219449 0.914995
3.65925 -0.145685 0.89204
3.71013 -0.083112 0.877283
3.75893 -0.024662 0.868635
3.809 0.034208 0.859106
3.88593 0.123065 0.849226
3.93242 0.175954 0.853234
3.981 0.232076 0.875529
4.04767 0.314482 0.95196
4.09632 0.383724 1.01981
4.13428 0.44737 1.07872
4.17122 0.519083 1.1452
4.21063 0.609518 1.22566
4.23797 0.688471 1.28363
4.25875 0.762149 1.33355
4.2759 0.836476 1.37464
4.29673 0.947649 1.42858
4.30743 1.02761 1.4639
4.31513 1.10411 1.48921
4.32128 1.18388 1.50636
4.32653 1.26988 1.51994
4.33152 1.37308 1.53668
4.33409 1.45374 1.54419
4.33598 1.52792 1.55134
4.33733 1.60339 1.55717
4.33874 1.71488 1.56165
4.3399 1.89034 1.60187
4.33884 1.95613 1.6499
4.33527 1.9951 1.70624
4.33028 2.0283 1.76568
4.31907 2.07998 1.85942
4.30743 2.11686 1.92474
4.29289 2.15442 1.98683
4.27062 2.20213 2.05822
4.23828 2.26171 2.13741
4.20558 2.31144 2.19707
4.16388 2.36707 2.26102
4.09761 2.44379 2.34531
4.04641 2.49626 2.40507
3.97013 2.56283 2.4889
3.90004 2.61505 2.55949
3.83573 2.656 2.62199
3.76919 2.69278 2.68077
3.69692 2.72732 2.74215
3.5917 2.76958 2.82978
3.51572 2.79293 2.88027
3.44116 2.81219 2.91487
3.36974 2.82826 2.93985
3.25768 2.85036 2.97013
3.18284 2.86306 2.98339
3.107 2.87498 2.99123
3.03164 2.88621 3.00111
2.91909 2.90188 3.01033
2.84306 2.91181 3.01618
2.76381 2.92173 3.01924
2.68715 2.93109 3.02156
2.60449 2.94099 3.02508
2.4951 2.95368 3.0303
2.4254 2.96147 3.03164
2.35051 2.96973 3.03183
2.24605 2.98115 3.03443
2.15946 2.99043 3.03731
2.07936 2.99878 3.03797
2.00715 3.00629 3.03797
1.92053 3.0153 3.03797
1.81844 3.02591 3.0395
1.73866 3.03408 3.0412
1.66493 3.04146 3.04257
1.5902 3.04883 3.04538
1.47408 3.05993 3.0487
1.39716 3.06709 3.04973
1.31776 3.07426 3.05892
1.24114 3.08029 3.07699
1.14837 3.08581 3.09964
1.05705 3.08937 3.13163
0.969286 3.0896 -3.10945
0.885932 3.0865 -3.06343
0.796614 3.07877 -3.00923
0.717349 3.06751 -2.95555
0.646159 3.05315 -2.89735
0.557421 3.02907 -2.82175
0.458203 2.99516 -2.73265
0.398672 2.96961 -2.67619
0.341263 2.94087 -2.61536
0.280004 2.90388 -2.5315
0.234339 2.87123 -2.46348
0.191789 2.83581 -2.39928
0.155717 2.80177 -2.3371
0.107908 2.75025 -2.24292
0.077817 2.71107 -2.17747
0.048689 2.66768 -2.11555
0.018736 2.61649 -2.05301
-0.010876 2.55754 -1.98663
-0.047401 2.47022 -1.89029
-0.064568 2.41607 -1.83246
-0.080911 2.35103 -1.77081
-0.093918 2.28075 -1.7051
-0.105787 2.17569 -1.63727
-0.111299 2.08927 -1.61496
-0.114624 2.01243 -1.6138
-0.118013 1.93607 -1.62164
-0.122742 1.8493 -1.63589
-0.129646 1.7477 -1.65708
-0.135932 1.67785 -1.6718
-0.143947 1.60152 -1.68766
-0.157151 1.49619 -1.71827
-0.170207 1.41055 -1.74356
-0.184342 1.33162 -1.76015
-0.19893 1.25707 -1.77552
-0.215499 1.17849 -1.7871
-0.238789 1.07346 -1.79462
-0.244643 1.04773 -1.79286
-0.244834 1.04689 -1.79405
-0.244834 1.04689 -1.79405
-0.244834 1.04689 -1.79405
-0.245302 1.04483 -1.79256
-0.247322 1.03591 -1.79428
-0.247686 1.03432 -1.79554
-0.247847 1.03361 -1.81618
-0.247847 1.03361 -1.87676
-0.247847 1.03361 -1.96051
-0.24804 1.03316 -2.03148
-0.24804 1.03316 -2.09899
-0.24804 1.03316 -2.16258
-0.248182 1.03297 -2.2271
-0.248632 1.0324 -2.32011
-0.248858 1.03218 -2.38239
-0.25608 1.02569 -2.44917
-0.277933 1.00832 -2.51777
-0.304237 0.989951 -2.57994
-0.352483 0.961085 -2.67861
-0.395148 0.940724 -2.74098
-0.446626 0.919911 -2.80473
-0.503527 0.900918 -2.86092
-0.578954 0.880499 -2.91822
-0.640876 0.86679 -2.95501
-0.698031 0.856378 -2.97975
-0.758533 0.846881 -3.00584
-0.813807 0.839652 -3.0316
-0.899475 0.831063 -3.08814
-0.948132 0.828911 -3.13012
-0.988834 0.828756 3.10625
-1.02978 0.830863 3.03975
-1.07903 0.836939 2.95214
-1.11571 0.844395 2.8977
-1.15213 0.853832 2.85983
-1.18289 0.86298 2.82979
-1.19506 0.866899 2.8287
-1.1955 0.867039 2.82934
-1.1955 0.867039 2.82934
-1.1955 0.867039 2.82934
-1.1956 0.867072 2.82968
-1.19596 0.867188 2.83088
-1.19596 0.867188 2.8297
-1.19596 0.867188 2.80214
-1.19596 0.867188 2.74203
-1.19596 0.867188 2.66224
-1.19638 0.867425 2.58325
-1.19638 0.867425 2.52087
-1.19638 0.867425 2.45649
-1.19638 0.867425 2.38412
-1.19642 0.867468 2.30066
-1.19671 0.867785 2.25615
-1.19701 0.86816 2.23474
-1.19723 0.868455 2.18223
-1.19758 0.86895 2.10226
-1.19782 0.869369 2.08026
-1.19795 0.869616 2.02612
-1.19813 0.870013 1.96187
-1.19823 0.870246 1.90261
-1.19845 0.870897 1.86786
-1.19845 0.870897 1.81031
-1.19845 0.870897 1.7941
-1.19845 0.870897 1.79397
-1.19856 0.87137 1.75734
-1.19856 0.87137 1.69444
-1.19856 0.87137 1.63297
-1.19856 0.87137 1.57582
-1.19856 0.871855 1.54426
-1.19856 0.871855 1.48879
-1.19856 0.871855 1.42291
-1.19856 0.871855 1.35987
-1.19856 0.871855 1.27003
-1.19856 0.871855 1.20375
-1.19856 0.871855 1.15617
-1.19856 0.871855 1.14104
-1.19856 0.871855 1.09962
-1.19856 0.871855 1.00488
-1.19856 0.871855 0.948037
-1.19856 0.871855 0.923434
-1.19856 0.871855 0.858829
-1.1983 0.872136 0.799089
-1.19823 0.872211 0.735265
-1.19797 0.872422 0.671147
-1.19785 0.872521 0.599994
-1.19785 0.872521 0.597451
-1.19785 0.872521 0.596029
-1.19785 0.872521 0.575181
-1.19785 0.872521 0.482667
-1.19785 0.872521 0.424787
-1.19737 0.87272 0.365775
-1.17547 0.880215 0.275891
-1.12118 0.894245 0.200395
-1.04748 0.908002 0.138778
-0.966802 0.91796 0.072923
-0.881219 0.922617 0.00307
-0.783037 0.922027 -0.078315
-0.707196 0.91492 -0.140501
-0.63162 0.903033 -0.202221
-0.520853 0.878231 -0.293554
-0.445012 0.853944 -0.356667
-0.373521 0.826296 -0.405517
-0.30316 0.79532 -0.442249
-0.220829 0.7552 -0.48114
-0.134262 0.709509 -0.512992
-0.065055 0.670057 -0.53099
0.000579 0.631241 -0.543673
0.065868 0.591647 -0.549537
0.163275 0.531846 -0.550706
0.229549 0.490955 -0.548136
0.294176 0.451801 -0.537736
0.362249 0.411528 -0.520169
0.461254 0.355647 -0.485201
0.519234 0.325377 -0.460098
0.613217 0.278847 -0.416106
0.687133 0.246459 -0.372367
0.758945 0.219245 -0.330687
0.831783 0.194979 -0.293983
0.90894 0.172311 -0.26304
1.02231 0.14279 -0.229559
1.10014 0.124937 -0.215196
1.17478 0.108822 -0.205357
1.25033 0.093253 -0.19543
1.32288 0.078939 -0.191101
1.43974 0.056632 -0.181901
1.51568 0.042775 -0.178753
1.59127 0.029214 -0.174502
1.67045 0.015367 -0.169909
1.76515 -0.00079 -0.16978
1.85428 -0.016109 -0.173243
1.93291 -0.029929 -0.175685
2.00866 -0.043376 -0.176636
2.08773 -0.057596 -0.180764
2.1962 -0.077494 -0.181623
2.25659 -0.088551 -0.180287
2.30446 -0.097275 -0.180287
2.31467 -0.099134 -0.178753
2.32343 -0.100709 -0.178249
2.35677 -0.106749 -0.180287
2.37516 -0.1101 -0.179411
2.3758 -0.110218 -0.178753
2.3758 -0.110218 -0.178753
2.37607 -0.110266 -0.178145
2.37653 -0.11035 -0.177398
2.37696 -0.110426 -0.19339
2.37734 -0.110508 -0.261929
2.37743 -0.110527 -0.326106
2.38518 -0.113414 -0.3913
2.4135 -0.125959 -0.461716
2.4777 -0.159427 -0.538249
2.52246 -0.186751 -0.571691
2.56503 -0.214421 -0.593687
2.64372 -0.267924 -0.599069
2.71447 -0.316228 -0.597899
2.77123 -0.354801 -0.593721
2.83962 -0.400653 -0.565206
2.88504 -0.429579 -0.508133
2.9455 -0.462216 -0.383935
2.95007 -0.464186 -0.311489
2.95286 -0.465288 -0.239938
2.95322 -0.465381 -0.168958
2.95322 -0.465381 -0.106411
2.95322 -0.465381 -0.042775
2.95322 -0.465381 0.033903
2.9537 -0.465345 0.112559
2.96041 -0.464351 0.17891
2.99666 -0.456856 0.24896
3.09171 -0.430646 0.3416
3.16489 -0.403372 0.407066
3.23883 -0.370185 0.466166
3.30254 -0.337148 0.520518
3.38212 -0.289606 0.586223
3.46127 -0.236093 0.649576
3.52046 -0.190158 0.695592
3.57971 -0.139473 0.744236
3.66269 -0.061322 0.802423
3.71474 -0.006567 0.833209
3.76378 0.047802 0.849054
3.81415 0.105632 0.869708
3.88867 0.19488 0.895708
3.93613 0.25464 0.909783
3.98481 0.317624 0.921392
4.03108 0.378867 0.932651
4.07917 0.444294 0.952052
4.14549 0.538712 0.984306
4.18274 0.595129 0.995657
4.22455 0.659944 1.00446
4.28309 0.7525 1.01957
4.32219 0.816779 1.04224
4.3606 0.883702 1.07708
4.39782 0.954359 1.11091
4.4341 1.0289 1.13612
4.47692 1.12227 1.1762
4.53202 1.25486 1.29957
4.5447 1.30213 1.37721
4.54619 1.30961 1.52083
4.54619 1.31005 1.58534
4.54603 1.31312 1.65396
4.54368 1.33516 1.71658
4.52856 1.42431 1.80907
4.50931 1.49874 1.87183
4.48534 1.57211 1.93456
4.45684 1.64388 1.99641
4.40818 1.74585 2.08947
4.36958 1.81117 2.15388
4.32635 1.8746 2.21669
4.26445 1.95586 2.30016
4.21568 2.01202 2.36071
4.14987 2.07674 2.43537
4.08248 2.1329 2.50697
4.01968 2.17773 2.56312
3.95264 2.22048 2.60567
3.8864 2.25908 2.63821
3.7896 2.31142 2.67686
3.72127 2.3453 2.69422
3.64824 2.3799 2.70856
3.58088 2.41094 2.71722
3.4779 2.45718 2.72743
3.4114 2.48632 2.73117
3.34151 2.51669 2.7327
3.25258 2.55517 2.73562
3.16395 2.59324 2.7373
3.09423 2.6231 2.73391
3.02882 2.65139 2.73121
2.93188 2.69367 2.72594
2.85631 2.72708 2.72247
2.78452 2.75903 2.7235
2.71389 2.79038 2.72503
2.62926 2.82783 2.72639
2.54161 2.86643 2.72852
2.47362 2.89619 2.72981
2.40498 2.92612 2.73117
2.29923 2.97213 2.73117
2.22919 3.00256 2.7327
2.15894 3.033 2.73476
2.08523 3.06471 2.7368
1.98462 3.10778 2.7373
1.91463 3.13773 2.73778
1.84043 3.16941 2.7373
1.77118 3.19905 2.73546
1.67118 3.24215 2.7313
1.5969 3.27452 2.72674
1.5266 3.3056 2.7235
1.45977 3.33534 2.72093
1.36532 3.37779 2.71451
1.28358 3.41501 2.71201
1.21078 3.44843 2.70894
1.14142 3.48055 2.70448
1.07242 3.51283 2.70262
0.995148 3.54925 2.69795
0.893889 3.59753 2.69162
0.825175 3.63068 2.69128
0.762251 3.6611 2.69261
0.690893 3.69547 2.69282
0.586258 3.74586 2.69282
0.517227 3.7791 2.69282
0.445244 3.81376 2.69282
0.376229 3.84699 2.69371
0.286046 3.89035 2.69199
0.203246 3.93034 2.68975
0.137 3.96249 2.68942
0.064421 3.9978 2.68821
-0.004436 4.03135 2.68821
-0.105432 4.08056 2.68821
-0.174256 4.11409 2.6869
-0.245849 4.1491 2.68537
-0.317752 4.1844 2.68515
-0.40239 4.22597 2.68328
-0.471112 4.25993 2.68208
-0.537788 4.29292 2.68357
-0.643508 4.3451 2.68208
-0.713084 4.37959 2.68054
-0.781229 4.41349 2.67785
-0.849962 4.44793 2.67594
-0.948322 4.49738 2.67505
-1.01251 4.52967 2.67562
-1.08402 4.56569 2.67441
-1.15561 4.60184 2.67134
-1.25353 4.65161 2.67134
-1.32129 4.68611 2.66981
-1.38941 4.72087 2.66863
-1.45715 4.75554 2.66724
-1.56089 4.80885 2.66674
-1.62868 4.8437 2.66599
-1.69705 4.87898 2.66367
-1.76853 4.91603 2.66214
-1.84558 4.95609 2.66126
-1.93611 5.00331 2.65907
-2.0072 5.04055 2.65907
-2.07258 5.0748 2.65758
-2.14269 5.11159 2.65762
-2.24313 5.1644 2.65753
-2.31048 5.19981 2.65547
-2.37847 5.23574 2.656
-2.44879 5.27285 2.65511
-2.52736 5.31444 2.65447
-2.61931 5.36312 2.656
-2.68695 5.39881 2.65553
-2.75489 5.43475 2.65447
-2.82551 5.47216 2.65414
-2.89767 5.51046 2.65427
-2.99366 5.56137 2.65293
-3.06351 5.5985 2.65293
-3.13131 5.63449 2.65447
-3.21526 5.67896 2.65447
-3.29811 5.72285 2.65358
-3.366 5.75898 2.64986
-3.43226 5.79447 2.64986
-3.5093 5.83573 2.649
-3.59939 5.88415 2.6434
-3.66058 5.91754 2.63541
-3.72719 5.95471 2.62489
-3.81493 6.00501 2.61271
-3.89431 6.05156 2.60448
-3.96005 6.09077 2.60231
-4.0257 6.13012 2.59924
-4.09104 6.16949 2.59924
-4.19313 6.23104 2.59727
-4.25633 6.26934 2.59617
-4.32483 6.31091 2.59464
-4.38802 6.34939 2.59464
-4.48405 6.40786 2.59346
-4.54929 6.44776 2.59157
-4.61784 6.48979 2.59157
-4.68269 6.52955 2.59068
-4.76189 6.57832 2.5885
-4.84754 6.63122 2.58697
-4.91223 6.67129 2.58744
-4.9797 6.71297 2.59004
-5.04485 6.75304 2.59157
-5.13894 6.81073 2.59157
-5.20294 6.84997 2.59026
-5.26509 6.88825 2.5885
-5.34666 6.93876 2.58381
-5.42314 6.98649 2.58285
-5.49135 7.02906 2.58592
-5.55284 7.06719 2.5887
-5.64938 7.12665 2.58853
-5.71089 7.16462 2.5885
-5.77589 7.2048 2.58697
-5.85751 7.25544 2.58297
-5.93652 7.30486 2.58083
-5.99521 7.34173 2.57796
-6.08003 7.39525 2.57804
-6.14898 7.43882 2.57673
-6.21382 7.47997 2.57291
-6.28118 7.52308 2.57163
-6.35951 7.57342 2.56787
-6.42906 7.61836 2.56552
-6.49215 7.65941 2.56264
-6.58379 7.71921 2.56518
-6.65381 7.76468 2.56598
-6.72121 7.80839 2.56703
-6.78575 7.85018 2.56613
-6.85281 7.89375 2.56306
-6.94634 7.95494 2.55822
-7.00744 7.99536 2.55442
-7.0711 8.03778 2.55322
-7.15932 8.09663 2.55458
-7.22359 8.13944 2.55322
-7.28661 8.18153 2.55169
-7.34714 8.22205 2.55169
-7.44261 8.28598 2.54972
-7.5036 8.32703 2.54881
-7.58373 8.38091 2.55133
-7.65201 8.42665 2.55169
-7.71589 8.46938 2.55398
-7.77904 8.51144 2.5526
-7.8521 8.5603 2.5508
-7.93699 8.6173 2.54862
-8.00318 8.66191 2.54709
-8.0649 8.70364 2.54858
-8.14681 8.75884 2.54862
-8.22111 8.80891 2.54758
-8.28386 8.85131 2.54709
-8.34747 8.89432 2.54633
-8.42263 8.94537 2.54365
-8.50052 8.99837 2.55129
-8.55884 9.03715 2.5674
-8.62515 9.0795 2.59273
-8.71472 9.13346 2.62289
-8.77569 9.16797 2.63569
-8.84494 9.2062 2.64092
-8.91194 9.24281 2.64446
-8.99684 9.28866 2.64555
-9.1065 9.34851 2.5951
-9.14272 9.37053 2.53347
-9.18494 9.40103 2.43979
-9.2091 9.42201 2.38312
-9.23755 9.44988 2.31652
-9.27042 9.48637 2.23167
-9.29267 9.51575 2.17509
-9.31607 9.55087 2.11117
-9.35267 9.61456 2.01935
-9.37555 9.66415 1.954
-9.39767 9.72139 1.89565
-9.42382 9.80253 1.81134
-9.43646 9.85721 1.75482
-9.44699 9.91924 1.68985
-9.45556 10.0028 1.59959
-9.45639 10.067 1.53723
-9.45276 10.1411 1.47843
-9.44553 10.2112 1.43047
-9.4298 10.3126 1.36424
-9.41363 10.3862 1.30817
-9.39244 10.4606 1.24911
-9.36137 10.5485 1.18146
-9.32443 10.6364 1.11314
-9.28911 10.7057 1.05759
-9.254 10.7666 1.00903
-9.19109 10.8631 0.933947
-9.14467 10.9243 0.887873
-9.09573 10.9833 0.852482
-9.04517 11.0404 0.82746
-8.96826 11.1232 0.806378
-8.92031 11.1731 0.801285
-8.86411 11.231 0.803784
-8.81345 11.2838 0.812119
-8.73369 11.3685 0.831392
-8.68637 11.4206 0.842729
-8.63363 11.4805 0.86783
-8.56288 11.565 0.89943
-8.51371 11.6277 0.922476
-8.4677 11.689 0.937839
-8.42121 11.7527 0.949681
-8.36208 11.8358 0.96007
-8.31593 11.9018 0.962543
-8.27044 11.9672 0.965241
-8.22686 12.0301 0.963054
-8.17267 12.1078 0.960223
-8.11644 12.1881 0.957941
-8.07224 12.2509 0.956407
-8.02835 12.3132 0.962353
-7.98476 12.376 0.96592
-7.9185 12.472 0.965611
-7.87647 12.5328 0.964143
-7.83149 12.5977 0.965611
-7.78771 12.6609 0.964077
-7.72925 12.7451 0.964077
-7.6777 12.8194 0.965098
-7.63396 12.8826 0.965611
-7.53809 13.0215 0.983628
-7.50999 13.0641 1.01419
-7.48919 13.098 1.08935
-7.48115 13.1138 1.15238
-7.4705 13.1391 1.30219
-7.46978 13.1414 1.36292
-7.46968 13.1419 1.42622
-7.46966 13.1421 1.48926
-7.46965 13.1423 1.56596
-7.46965 13.1426 1.64005
-7.46969 13.1432 1.70117
-7.46978 13.1439 1.78979
-7.46993 13.1446 1.85187
-7.46993 13.1446 1.91397
-7.47017 13.1452 1.98009
-7.47017 13.1452 2.07252
-7.47023 13.1453 2.13543
-7.47043 13.1456 2.20173
-7.47043 13.1456 2.2631
-7.47074 13.146 2.32531
-7.47122 13.1465 2.42089
-7.47159 13.1468 2.48083
-7.47159 13.1468 2.54798
-7.47199 13.1471 2.60989
-7.47199 13.1471 2.70254
-7.47199 13.1471 2.75829
-7.47239 13.1472 2.84295
-7.47276 13.1473 2.90711
-7.47291 13.1474 2.96908
-7.47291 13.1474 3.03423
-7.47313 13.1474 3.1117
-7.4734 13.1474 -3.094
-7.4734 13.1474 -3.02711
-7.47388 13.1473 -2.96728
-7.47388 13.1473 -2.90794
-7.48037 13.1454 -2.80511
-7.50003 13.1381 -2.73992
-7.52259 13.1281 -2.67587
-7.54727 13.1152 -2.61137
-7.58132 13.0941 -2.53049
-7.61396 13.0708 -2.45749
-7.64403 13.0454 -2.39339
-7.68029 13.0104 -2.32256
-7.72018 12.9671 -2.24819
-7.75229 12.926 -2.19468
-7.78194 12.8837 -2.14624
-7.82106 12.8221 -2.09957
-7.84882 12.774 -2.08009
-7.8796 12.7184 -2.06917
-7.91579 12.6516 -2.06212
-7.96951 12.5508 -2.05491
-8.00359 12.4859 -2.0521
-8.03851 12.4189 -2.04921
-8.07557 12.3474 -2.0487
-8.1261 12.2499 -2.05023
-8.16143 12.1819 -2.04573
-8.19449 12.1173 -2.03733
-8.24473 12.0169 -2.02747
-8.27914 11.947 -2.03007
-8.31321 11.8783 -2.03806
-8.34809 11.8096 -2.04719
-8.39271 11.7242 -2.06368
-8.43846 11.6393 -2.07395
-8.47557 11.5722 -2.08214
-8.51513 11.502 -2.08831
-8.55706 11.4286 -2.0944
-8.60632 11.3434 -2.09929
-8.64605 11.2754 -2.10077
-8.68503 11.2092 -2.10943
-8.72542 11.1417 -2.10365
-8.7832 11.0438 -2.10595
-8.82174 10.9788 -2.10636
-8.85938 10.9154 -2.10699
-8.90539 10.8377 -2.09675
-8.95498 10.7517 -2.07085
-8.99289 10.6808 -2.03052
-9.02501 10.6145 -1.99536
-9.06416 10.5255 -1.95995
-9.09072 10.4604 -1.936
-9.11872 10.3846 -1.88111
-9.14234 10.309 -1.80481
-9.15425 10.2555 -1.74048
-9.16407 10.1908 -1.66742
-9.16971 10.1332 -1.60361
-9.17127 10.0644 -1.52438
-9.1685 10.0166 -1.46615
-9.16012 9.94869 -1.3794
-9.15081 9.90277 -1.31981
-9.13408 9.84234 -1.24955
-9.11051 9.77403 -1.16851
-9.0855 9.71742 -1.10846
-9.05028 9.64953 -1.04677
-8.99445 9.55766 -0.958294
-8.94174 9.48454 -0.894437
-8.89298 9.42511 -0.851323
-8.84253 9.3685 -0.817774
-8.78864 9.31187 -0.788878
-8.70953 9.23321 -0.756225
-8.65441 9.18179 -0.732037
-8.59384 9.12789 -0.712078
-8.5359 9.07826 -0.698384
-8.47955 9.03107 -0.692723
-8.38755 8.95487 -0.686674
-8.32794 8.90608 -0.683655
-8.27196 8.86048 -0.6824
-8.14099 8.75367 -0.704155
-8.08111 8.70285 -0.720268
-7.99681 8.62812 -0.747664
-7.94015 8.57518 -0.762162
-7.88487 8.52214 -0.770853
-7.8301 8.46877 -0.778235
-7.74689 8.38649 -0.783628
-7.69316 8.33285 -0.788087
-7.63618 8.27548 -0.791151
-7.58208 8.22068 -0.793887
-7.52278 8.16037 -0.794079
-7.44721 8.08341 -0.795421
-7.39369 8.02874 -0.796955
-7.3403 7.9741 -0.796955
-7.28643 7.91897 -0.797999
-7.21455 7.84521 -0.80041
-7.15178 7.78046 -0.803091
-7.09631 7.72295 -0.805383
-7.04344 7.66786 -0.808937
-6.98379 7.60526 -0.81009
-6.91015 7.5278 -0.812295
-6.85776 7.4725 -0.813829
-6.8025 7.414 -0.815363
-6.75167 7.36002 -0.813867
-6.68031 7.28434 -0.816567
-6.62241 7.22272 -0.817946
-6.56992 7.16667 -0.819376
-6.52083 7.11409 -0.820558
-6.44377 7.03131 -0.821831
-6.38893 6.97224 -0.824567
-6.33732 6.91641 -0.824748
-6.28716 6.86208 -0.826101
-6.20857 6.77681 -0.826101
-6.15914 6.72312 -0.82973
-6.10809 6.66723 -0.832237
-6.05439 6.6082 -0.834631
-5.99209 6.53939 -0.835305
-5.92701 6.46749 -0.833771
-5.87341 6.40846 -0.832237
-5.82161 6.35158 -0.831915
-5.77021 6.29521 -0.830703
-5.69324 6.21094 -0.832202
-5.64228 6.15497 -0.833548
-5.59027 6.09768 -0.833771
-5.53679 6.03883 -0.832237
-5.47003 5.96573 -0.830127
-5.40715 5.89689 -0.832237
-5.35572 5.84035 -0.834534
-5.3019 5.78093 -0.83682
-5.25245 5.72598 -0.841922
-5.17535 5.63949 -0.844845
-5.12469 5.58234 -0.846241
-5.07574 5.52698 -0.844581
-5.02308 5.46769 -0.841602
-4.95279 5.38889 -0.842975
-4.89406 5.3229 -0.844509
-4.84357 5.26594 -0.847577
-4.79331 5.20906 -0.845149
-4.73161 5.13964 -0.84159
-4.6671 5.06745 -0.841441
-4.61373 5.00774 -0.841914
-4.56255 4.95036 -0.843309
-4.51162 4.89308 -0.846245
-4.43799 4.80976 -0.847577
-4.38426 4.7488 -0.850562
-4.33388 4.69122 -0.853713
-4.28611 4.63644 -0.855773
-4.21908 4.55915 -0.857729
-4.15983 4.49063 -0.857565
-4.10754 4.43028 -0.854492
-4.05724 4.37259 -0.852179
-4.00703 4.31518 -0.852657
-3.93034 4.22727 -0.8556
-3.88063 4.16997 -0.856594
-3.83269 4.11474 -0.8538
-3.77918 4.05346 -0.852179
-3.71036 3.97477 -0.853394
-3.65537 3.91167 -0.85421
-3.60555 3.85446 -0.856142
-3.55256 3.7934 -0.855247
-3.49317 3.72499 -0.856781
-3.43349 3.6561 -0.858315
-3.38068 3.59496 -0.859849
-3.33262 3.53916 -0.861337
-3.25688 3.45076 -0.864354
-3.20548 3.39044 -0.867293
-3.15613 3.33226 -0.868685
-3.10473 3.27147 -0.870218
-3.05501 3.21256 -0.870074
-2.99068 3.13625 -0.872357
-2.93174 3.06602 -0.872975
-2.88144 3.00612 -0.87119
-2.83459 2.95039 -0.873655
-2.77856 2.88356 -0.868416
-2.71451 2.80814 -0.85445
-2.66232 2.74849 -0.849111
-2.6115 2.69081 -0.847577
-2.5395 2.60915 -0.851404
-2.4894 2.55188 -0.854325
-2.44019 2.4953 -0.857185
-2.36979 2.41387 -0.864294
-2.32267 2.35853 -0.868683
-2.16231 2.16883 -0.884717
-2.11131 2.10742 -0.888913
-2.04335 2.02323 -0.905917
-1.94138 1.89169 -0.923676
-1.89459 1.82966 -0.929688
-1.85247 1.77319 -0.932878
-1.74772 1.63018 -0.953186
-1.70198 1.56579 -0.954908
-1.64492 1.485 -0.963513
-1.60285 1.42415 -0.972212
-1.5434 1.33687 -0.977596
-1.4992 1.27101 -0.987815
-1.45753 1.20751 -0.995644
-1.40252 1.12227 -1.00244
-1.35626 1.04987 -1.00182
-1.31642 0.987696 -0.997438
-1.27469 0.923163 -0.994507
-1.21459 0.830835 -0.990309
-1.17282 0.767253 -0.987388
-1.13061 0.703481 -0.982922
-1.08047 0.628172 -0.984103
-1.03228 0.555684 -0.983782
-0.990318 0.492718 -0.977644
-0.928125 0.400809 -0.967712
-0.882909 0.335334 -0.962871
-0.840846 0.274973 -0.960047
-0.795523 0.2104 -0.956491
-0.742273 0.135107 -0.951957
-0.687917 0.05885 -0.948821
-0.64141 -0.006053 -0.950355
-0.596308 -0.069211 -0.953727
-0.55 -0.134566 -0.954626
-0.487202 -0.223104 -0.947498
-0.442111 -0.285827 -0.949923
-0.397836 -0.347838 -0.951889
-0.351343 -0.413196 -0.953423
-0.293737 -0.494469 -0.956863
-0.239757 -0.571024 -0.954707
-0.195564 -0.63336 -0.953423
-0.15124 -0.695793 -0.953423
-0.10714 -0.757943 -0.95543
-0.03976 -0.853445 -0.96025
0.003453 -0.915349 -0.963014
0.045757 -0.976325 -0.967191
0.090468 -1.04118 -0.965791
0.15071 -1.12811 -0.960522
0.198662 -1.19668 -0.959559
0.244852 -1.26273 -0.963656
0.288429 -1.32556 -0.966589
0.343058 -1.40486 -0.968763
0.395933 -1.48182 -0.967817
0.441179 -1.54735 -0.963693
0.484816 -1.61013 -0.964494
0.528657 -1.67343 -0.965899
0.593167 -1.76691 -0.967229
0.636349 -1.82954 -0.967229
0.679497 -1.89222 -0.969934
0.73174 -1.96859 -0.971831
0.784905 -2.04652 -0.972752
0.827592 -2.10905 -0.967816
0.870724 -2.17156 -0.965695
0.916148 -2.23728 -0.968763
0.982181 -2.33341 -0.971831
1.02726 -2.39945 -0.973365
1.06718 -2.45813 -0.973365
1.10925 -2.5198 -0.969135
1.17321 -2.61285 -0.967229
1.2165 -2.67564 -0.967981
1.25978 -2.73862 -0.970915
1.3048 -2.8045 -0.972436
1.35476 -2.878 -0.976895
1.41336 -2.96486 -0.979829
1.45604 -3.02853 -0.979128
1.50054 -3.09456 -0.974899
1.55423 -3.17373 -0.976069
1.60029 -3.24183 -0.977319
1.64537 -3.3087 -0.978874
1.68804 -3.3722 -0.979501
1.74239 -3.45305 -0.977267
1.79582 -3.53221 -0.976433
1.83861 -3.5955 -0.975239
1.88132 -3.65861 -0.97663
1.92599 -3.72483 -0.977967
1.98475 -3.81205 -0.979314
2.03171 -3.88196 -0.979501
2.0744 -3.94545 -0.976787
2.11719 -4.00871 -0.974899
2.16007 -4.07201 -0.976433
2.22696 -4.17104 -0.977967
2.26964 -4.23444 -0.980258
2.31228 -4.2981 -0.981652
2.35715 -4.36531 -0.983191
2.39971 -4.42927 -0.984103
2.46391 -4.52578 -0.979183
2.50346 -4.58458 -0.977967
2.54535 -4.64676 -0.977967
2.60613 -4.73698 -0.977967
2.65263 -4.80608 -0.979501
2.69782 -4.87346 -0.981035
2.74024 -4.9369 -0.983462
2.78261 -5.00059 -0.984103
2.84486 -5.09427 -0.985637
2.88885 -5.16067 -0.985637
2.93104 -5.22436 -0.987171
2.97018 -5.28364 -0.990158
3.03367 -5.38051 -0.99309
3.07537 -5.44457 -0.996019
3.11652 -5.50814 -0.997394
3.15831 -5.57288 -0.997909
3.20881 -5.65117 -0.998608
3.26066 -5.7317 -0.999443
3.30408 -5.79924 -0.999909
3.34552 -5.86383 -1.00131
3.38886 -5.93161 -1.00251
3.45154 -6.0298 -1.00405
3.4911 -6.09195 -1.00405
3.52947 -6.15224 -1.0052
3.57248 -6.22004 -1.00558
3.63297 -6.31547 -1.008
3.67602 -6.38383 -1.01108
3.71649 -6.44857 -1.01478
3.7566 -6.51312 -1.01478
3.80622 -6.59305 -1.01743
3.85771 -6.6765 -1.0215
3.89455 -6.73684 -1.02547
3.93544 -6.80423 -1.02552
3.99039 -6.89481 -1.02794
4.03252 -6.96464 -1.02859
4.07138 -7.02916 -1.02934
4.11241 -7.09749 -1.03241
4.15732 -7.17285 -1.03525
4.20705 -7.2567 -1.03798
4.24779 -7.32592 -1.04086
4.2833 -7.38652 -1.04356
4.33767 -7.47996 -1.04573
4.37771 -7.54925 -1.04942
4.41571 -7.61552 -1.0516
4.45558 -7.68528 -1.05235
4.51146 -7.78338 -1.05467
4.54928 -7.85001 -1.05346
4.58695 -7.91631 -1.0562
4.62603 -7.98542 -1.0545
4.67582 -8.07296 -1.05561
4.71618 -8.14449 -1.06183
4.75385 -8.21227 -1.06787
4.78823 -8.27491 -1.07213
4.84401 -8.37764 -1.07967
4.88007 -8.44514 -1.08075
4.91592 -8.51235 -1.08075
4.95363 -8.58303 -1.08075
5.0028 -8.67521 -1.08075
5.03951 -8.7443 -1.08746
5.07604 -8.81415 -1.09349
5.11105 -8.88207 -1.10022
5.15211 -8.96324 -1.10593
5.19772 -9.05428 -1.10896
5.23187 -9.12302 -1.11233
5.26723 -9.19485 -1.11543
5.30092 -9.26387 -1.11943
5.34858 -9.36238 -1.12362
5.38367 -9.43583 -1.12824
5.416 -9.50404 -1.12961
5.44874 -9.57338 -1.131
5.49811 -9.67857 -1.13546
5.53041 -9.74824 -1.14083
5.56226 -9.81788 -1.14439
5.59383 -9.88739 -1.14424
5.63624 -9.98083 -1.14671
5.66567 -10.0461 -1.14824
5.6974 -10.1168 -1.14977
5.73944 -10.2107 -1.14882
5.77621 -10.2927 -1.14977
5.80696 -10.3613 -1.14977
5.83864 -10.4321 -1.14977
5.88493 -10.5354 -1.14977
5.91484 -10.6022 -1.14977
5.94732 -10.6746 -1.14824
5.97862 -10.7444 -1.15109
6.01161 -10.8182 -1.15109
6.05906 -10.9247 -1.15519
6.09017 -10.9953 -1.15699
6.11744 -11.0574 -1.15898
6.15455 -11.1424 -1.15955
6.19425 -11.2334 -1.15898
6.22469 -11.3031 -1.15764
6.25705 -11.3771 -1.16071
6.28656 -11.4451 -1.16354
6.33225 -11.5514 -1.17082
6.36083 -11.6193 -1.17325
6.39145 -11.6919 -1.16765
6.42164 -11.7625 -1.16511
6.45804 -11.8473 -1.16511
6.49644 -11.9367 -1.16665
6.52779 -12.01 -1.16713
6.55797 -12.0808 -1.16853
6.58961 -12.1553 -1.16972
6.63209 -12.2554 -1.16972
6.66151 -12.3248 -1.16972
6.69151 -12.3956 -1.16972
6.7226 -12.469 -1.17125
6.76651 -12.5731 -1.17188
6.79636 -12.6438 -1.17125
6.82729 -12.7172 -1.17278
6.8606 -12.7963 -1.17077
6.89726 -12.883 -1.17121
6.92783 -12.9552 -1.17116
6.95785 -13.0263 -1.17125
6.98748 -13.0965 -1.17242
7.03037 -13.1984 -1.17278
7.06363 -13.2775 -1.17278
7.09478 -13.3516 -1.17382
7.12399 -13.4213 -1.17432
7.15728 -13.5008 -1.17543
7.19577 -13.5933 -1.18112
7.22637 -13.668 -1.18385
7.25495 -13.7383 -1.18679
7.28506 -13.8129 -1.18773
7.32465 -13.9107 -1.18234
7.35506 -13.9849 -1.18046
7.38399 -14.0555 -1.18455
7.41264 -14.126 -1.18747
7.45497 -14.2311 -1.1875
7.48485 -14.305 -1.18352
7.51381 -14.3761 -1.18553
7.54246 -14.4468 -1.18693
7.57073 -14.5169 -1.18833
7.61569 -14.6289 -1.18506
7.64186 -14.6934 -1.18641
7.67049 -14.7641 -1.18776
7.70001 -14.8375 -1.18697
7.73924 -14.9341 -1.18144
7.77319 -15.0168 -1.18046
7.80367 -15.091 -1.18289
7.83246 -15.1616 -1.18506
7.86255 -15.2357 -1.18506
7.9048 -15.3398 -1.18615
7.93202 -15.4069 -1.18522
7.95832 -15.4718 -1.18659
7.99814 -15.5705 -1.19399
8.02849 -15.6476 -1.20311
8.05713 -15.7224 -1.21049
8.08605 -15.7993 -1.20484
8.17247 -16.0241 -1.19189
8.21494 -16.1313 -1.19661
8.24328 -16.2036 -1.20035
8.26993 -16.2724 -1.20395
8.30506 -16.3641 -1.21308
8.33567 -16.4454 -1.223
8.36125 -16.516 -1.21897
8.3719 -16.5446 -1.177
8.37275 -16.5467 -1.17585
8.37285 -16.5469 -1.17494
8.37303 -16.5474 -1.14947
8.37333 -16.548 -1.08893
8.37356 -16.5484 -1.0204
8.37356 -16.5484 -0.93064
8.37356 -16.5484 -0.86919
8.37387 -16.5488 -0.790522
8.37437 -16.5493 -0.717194
8.37474 -16.5496 -0.653518
8.37513 -16.5499 -0.591685
8.37554 -16.5501 -0.527672
8.37554 -16.5501 -0.432865
8.37597 -16.5503 -0.374382
8.37598 -16.5503 -0.312592
8.37638 -16.5505 -0.246668
8.37692 -16.5506 -0.154289
8.37692 -16.5506 -0.091507
8.3774 -16.5506 -0.026513
8.37764 -16.5506 0.036566
8.37789 -16.5506 0.10955
8.37837 -16.5505 0.195277
8.37847 -16.5505 0.257762
8.37884 -16.5504 0.319224
8.37884 -16.5504 0.381784
8.37947 -16.5502 0.4777
8.37947 -16.5502 0.539224
8.37989 -16.5499 0.604643
8.37989 -16.5499 0.665485
8.37989 -16.5499 0.759492
8.38002 -16.5498 0.823534
8.38022 -16.5496 0.884873
8.38035 -16.5494 0.951294
8.38063 -16.549 1.02019
8.38063 -16.549 1.10573
8.38084 -16.5486 1.16965
8.38084 -16.5486 1.23096
8.381 -16.5481 1.31978
8.381 -16.5481 1.38321
8.381 -16.5481 1.44538
8.38105 -16.5476 1.5066
8.38105 -16.5476 1.58902
8.38105 -16.5476 1.65457
8.38105 -16.5476 1.71755
8.37601 -16.5213 1.82128
8.36157 -16.4688 1.88082
8.33434 -16.3874 1.95315
8.29976 -16.2981 2.03018
8.26476 -16.23 2.09198
8.2252 -16.1633 2.1455
8.16951 -16.0786 2.19216
8.03403 -15.8926 2.22159
7.96697 -15.8036 2.19012
7.92532 -15.7442 2.15492
7.88193 -15.6769 2.11004
7.83648 -15.5986 2.06206
7.78861 -15.5074 2.01062
7.75657 -15.4375 1.96773
7.72759 -15.3668 1.93102
7.70198 -15.2972 1.90157
7.66542 -15.1882 1.87171
7.64292 -15.115 1.85972
7.62025 -15.0378 1.84985
7.59912 -14.9638 1.84655
7.5731 -14.872 1.8484
7.54629 -14.778 1.84912
7.5253 -14.7045 1.84912
7.50423 -14.6308 1.84912
7.48208 -14.5533 1.85113
7.45064 -14.4445 1.857
7.43095 -14.3777 1.86104
7.40924 -14.3055 1.8668
7.38565 -14.2285 1.87295
7.35162 -14.1201 1.88408
7.32673 -14.044 1.89476
7.30231 -13.9717 1.90126
7.27751 -13.8997 1.90496
7.24672 -13.8111 1.90587
7.21542 -13.7212 1.90434
7.19091 -13.6505 1.90434
7.16507 -13.5757 1.89989
7.13081 -13.4757 1.90127
7.10353 -13.3961 1.90127
7.07864 -13.3235 1.90063
7.05259 -13.2475 1.90127
7.01825 -13.1472 1.89599
6.99386 -13.0746 1.89207
6.96869 -12.9989 1.89014
6.94542 -12.9283 1.88597
6.91117 -12.8229 1.88172
6.88663 -12.7464 1.87862
6.86411 -12.6754 1.87579
6.84054 -12.6002 1.87123
6.81305 -12.5111 1.86836
6.78474 -12.4187 1.86552
6.76155 -12.3422 1.86492
6.73918 -12.2684 1.86446
6.71716 -12.1956 1.86465
6.68411 -12.0867 1.86448
6.66206 -12.0137 1.86162
6.64023 -11.9405 1.8587
6.61752 -11.8636 1.85562
6.58975 -11.7684 1.84895
6.56511 -11.6818 1.84222
6.54381 -11.6048 1.83535
6.5239 -11.5308 1.82856
6.50433 -11.4564 1.82564
6.48107 -11.3667 1.82211
6.45534 -11.2663 1.81844
6.43633 -11.191 1.81671
6.41832 -11.1191 1.81537
6.39325 -11.0186 1.81416
6.37209 -10.9334 1.81383
6.35365 -10.859 1.8128
6.33538 -10.7849 1.81141
6.31633 -10.7072 1.81077
6.28964 -10.598 1.80863
6.2717 -10.5238 1.80723
6.2535 -10.4481 1.80583
6.235 -10.3706 1.80156
6.21644 -10.2916 1.80138
6.19175 -10.1862 1.80003
6.17385 -10.109 1.79696
6.15653 -10.0338 1.79565
6.13959 -9.95924 1.79119
6.11501 -9.84905 1.78776
6.09849 -9.774 1.78547
6.08143 -9.69544 1.78315
6.06532 -9.62061 1.78162
6.04717 -9.53561 1.78009
6.02515 -9.43189 1.77855
6.00929 -9.35664 1.77855
5.99273 -9.27808 1.77682
5.97867 -9.21061 1.77548
5.95504 -9.09584 1.76816
5.93935 -9.01704 1.76628
5.92464 -8.94274 1.76524
5.90977 -8.86715 1.76475
5.89181 -8.77573 1.76475
5.87268 -8.67822 1.76321
5.85801 -8.60284 1.76168
5.84415 -8.53107 1.76149
5.82822 -8.44824 1.76014
5.80787 -8.34205 1.7587
5.79359 -8.26694 1.75861
5.77869 -8.18851 1.75861
5.76435 -8.11308 1.75861
5.74597 -8.01595 1.75612
5.72904 -7.92581 1.7587
5.71495 -7.85208 1.76229
5.69967 -7.77348 1.76321
5.6832 -7.68874 1.76211
5.66352 -7.58727 1.76301
5.64838 -7.50918 1.76014
5.63436 -7.43604 1.76014
5.62033 -7.36253 1.75731
5.5994 -7.25152 1.75708
5.58442 -7.17227 1.75964
5.5701 -7.09746 1.76103
5.55567 -7.0226 1.76168
5.53723 -6.92721 1.76168
5.51894 -6.83244 1.76014
5.50457 -6.75748 1.76014
5.48944 -6.67858 1.76134
5.47487 -6.60287 1.76168
5.4538 -6.49383 1.76316
5.4389 -6.41731 1.76188
5.42458 -6.34302 1.76014
5.40946 -6.26413 1.75897
5.39095 -6.16641 1.75804
5.37425 -6.07827 1.75861
5.35992 -6.00302 1.75953
5.34497 -5.92455 1.75861
5.33005 -5.84603 1.7583
5.31085 -5.7447 1.75708
5.29634 -5.66798 1.76006
5.28156 -5.59227 1.77835
5.26538 -5.51736 1.79672
5.23886 -5.40403 1.81282
5.22038 -5.32933 1.81294
5.20144 -5.25197 1.8044
5.1837 -5.17696 1.79928
5.15913 -5.07094 1.79476
5.14137 -4.99244 1.79016
5.12488 -4.91807 1.78582
5.10918 -4.84574 1.77867
5.08648 -4.73706 1.76878
5.07072 -4.65825 1.76511
5.05594 -4.58286 1.76221
5.04085 -4.50446 1.7576
5.0267 -4.42949 1.75708
5.00573 -4.31825 1.75708
4.99099 -4.23987 1.75613
4.97683 -4.16437 1.75311
4.96311 -4.08943 1.74941
4.94767 -4.00366 1.74576
4.92989 -3.90274 1.74184
4.91693 -3.82736 1.73891
4.90345 -3.74757 1.73582
4.89117 -3.67321 1.73137
4.87315 -3.56135 1.72704
4.8608 -3.4828 1.7264
4.84886 -3.40668 1.72564
4.83716 -3.33152 1.72426
4.82288 -3.23857 1.72068
4.80804 -3.13995 1.71652
4.79701 -3.06423 1.71396
4.78567 -2.9851 1.70909
4.77543 -2.91044 1.70043
4.76123 -2.79659 1.67404
4.75373 -2.72149 1.66036
4.74711 -2.64487 1.64816
4.74039 -2.55584 1.64074
4.73401 -2.46376 1.63334
4.72939 -2.38777 1.62805
4.72518 -2.31349 1.6252
4.71925 -2.20286 1.62324
4.71509 -2.12618 1.63028
4.71049 -2.05025 1.63371
4.70539 -1.97025 1.63767
4.69905 -1.87745 1.64188
4.69213 -1.78087 1.64557
4.68607 -1.70075 1.64863
4.68008 -1.62483 1.6531
4.67347 -1.5454 1.65617
4.66398 -1.43553 1.66187
4.65746 -1.36415 1.6643
4.65017 -1.28764 1.66914
4.64222 -1.20727 1.67172
4.63072 -1.09471 1.67578
4.62232 -1.01584 1.67884
4.61405 -0.939812 1.68038
4.6057 -0.863892 1.68038
4.59592 -0.774691 1.67928
4.58473 -0.672129 1.67865
4.57683 -0.598711 1.67731
4.56848 -0.520104 1.67577
4.55821 -0.422588 1.67577
4.54911 -0.33627 1.67577
4.54071 -0.256826 1.67819
4.53257 -0.182112 1.6826
4.52301 -0.097571 1.68454
4.51099 0.00792 1.68279
4.50254 0.083985 1.67652
4.49483 0.158324 1.66819
4.48732 0.236397 1.66071
4.47751 0.349067 1.64149
4.47246 0.42583 1.61903
4.4692 0.505536 1.58988
4.46819 0.579942 1.56823
4.46907 0.693633 1.54269
4.47123 0.764113 1.53075
4.47504 0.850963 1.50948
4.48039 0.946194 1.47697
4.48879 1.02608 1.43212
4.50021 1.10155 1.38332
4.51731 1.18873 1.31568
4.53723 1.26168 1.25245
4.55818 1.32229 1.18989
4.59595 1.41144 1.09549
4.63107 1.47703 1.03345
4.66826 1.53779 0.98351
4.70892 1.59731 0.937019
4.75741 1.66146 0.883895
4.81826 1.73413 0.808349
4.86962 1.78638 0.753204
4.92066 1.83309 0.700169
4.97635 1.87868 0.638682
5.06226 1.93999 0.547619
5.12543 1.97729 0.492358
5.20847 2.02113 0.424743
5.28243 2.05319 0.358364
5.35401 2.07871 0.307031
5.42078 2.09958 0.293266
5.48348 2.11795 0.239181
5.51072 2.12489 0.190684
5.51171 2.12508 0.190941
5.51212 2.12516 0.189999
5.53217 2.12888 0.166324
5.60243 2.13951 0.093582
5.67605 2.1455 0.039936
5.75453 2.14763 -0.007136
5.83085 2.14641 -0.041282
5.94719 2.14062 -0.075684
6.01623 2.13527 -0.082062
6.09262 2.12891 -0.084575
6.18562 2.12121 -0.075187
6.28513 2.11385 -0.067631
6.3617 2.1088 -0.053991
6.43442 2.1053 -0.023133
6.71037 2.10685 0.134658
6.78648 2.11763 0.195284
6.8628 2.1339 0.248705
6.95388 2.158 0.283568
7.04307 2.18429 0.30556
7.11352 2.20656 0.304748
7.18987 2.23028 0.286624
7.27138 2.25385 0.257623
7.37373 2.28055 0.213177
7.45138 2.2966 0.175302
7.52741 2.30981 0.171825
7.60299 2.323 0.16937
7.70738 2.33979 0.114169
7.79371 2.349 0.062732
7.87016 2.35317 0.030775
7.9477 2.35507 0.006758
8.03156 2.35511 -0.01611
8.13502 2.35312 -0.038159
8.20896 2.35015 -0.046667
8.28385 2.3465 -0.055273
8.39054 2.34036 -0.061393
8.48048 2.33478 -0.064842
8.55648 2.32979 -0.067765
8.63318 2.32453 -0.069839
8.71319 2.31889 -0.071373
8.8222 2.3111 -0.0723
8.89894 2.30544 -0.078183
9.08243 2.29037 -0.086535
9.13943 2.28542 -0.088247
9.25308 2.27536 -0.090093
9.31223 2.26996 -0.093754
9.4178 2.25996 -0.098149
9.49241 2.25252 -0.103744
9.56225 2.24521 -0.105121
9.64872 2.23609 -0.044378
9.66044 2.23552 0.01632
9.66423 2.23559 0.078736
9.66487 2.23565 0.137189
9.6655 2.23573 0.226987
9.6655 2.23573 0.292984
9.6656 2.23577 0.355916
9.66649 2.23611 0.43623
9.66693 2.23633 0.505629
9.66703 2.23638 0.568621
9.6676 2.23676 0.630905
9.66799 2.23705 0.695956
9.66836 2.23736 0.790066
9.66846 2.23748 0.851479
9.66868 2.23772 0.918083
9.66897 2.23812 0.977468
9.66897 2.23812 1.06837
9.66916 2.23849 1.13291
9.66918 2.23855 1.19691
9.6693 2.23889 1.26216
9.66934 2.23901 1.35202
9.66944 2.23948 1.41478
9.66979 2.24257 1.48016
9.67109 2.26206 1.549
9.67114 2.29281 1.61995
9.66808 2.33869 1.70921
9.66128 2.38209 1.77339
9.65034 2.43164 1.83452
9.63321 2.49144 1.89347
9.60414 2.57395 1.95228
9.57999 2.63317 1.98038
9.55224 2.69646 1.98871
9.51949 2.7702 1.97725
9.50331 2.80833 1.93351
9.48799 2.84924 1.85533
9.47883 2.88083 1.78095
9.47538 2.89779 1.72191
9.47502 2.90004 1.63198
9.47499 2.90099 1.56855
9.47529 2.91098 1.5015
9.4775 2.93551 1.43569
9.48535 2.98568 1.34186
9.49477 3.02352 1.28023
9.50884 3.06778 1.21277
9.52496 3.10902 1.14845
9.5517 3.16583 1.0619
9.57289 3.20296 1.00232
9.59859 3.24201 0.949762
9.62725 3.28152 0.929846
9.62794 3.28244 0.92832
9.62814 3.28271 0.927261
9.62818 3.28276 0.926852
9.62843 3.2831 0.921125
9.62843 3.2831 0.922381
9.62843 3.2831 0.944793
9.62871 3.28349 0.99851
9.62885 3.28374 1.05945
9.62942 3.28476 1.15098
9.62966 3.28535 1.21446
9.62994 3.28612 1.27649
9.63007 3.28659 1.33811
9.63007 3.28659 1.43544
9.63029 3.28847 1.49905
9.63036 3.28931 1.55919
9.63036 3.2898 1.62488
9.63031 3.29048 1.71594
9.63024 3.29096 1.77724
9.63021 3.29107 1.83633
9.63011 3.29143 1.9028
9.63011 3.29143 1.99069
9.63011 3.29143 2.05056
9.63011 3.29143 2.08542
9.63002 3.2916 2.08899
9.62975 3.29207 2.06854
9.629 3.29346 2.06388
9.6288 3.29384 2.06388
9.62848 3.29444 2.10614
9.62823 3.29486 2.16092
9.62823 3.29486 2.22307
9.6281 3.295 2.31773
9.6279 3.29522 2.37952
9.6279 3.29522 2.44636
9.62654 3.29625 2.52822
9.62298 3.29872 2.59152
9.62152 3.29962 2.68133
9.62071 3.30001 2.74193
9.62001 3.3003 2.80345
9.61956 3.30046 2.87
9.61956 3.30046 2.96128
9.61956 3.30046 3.02286
9.61956 3.30046 3.08776
9.61907 3.30048 -3.1271
9.61907 3.30048 -3.05014
9.61814 3.30038 -2.98524
9.61743 3.30026 -2.92228
9.61661 3.30006 -2.86075
9.61602 3.29989 -2.76626
9.61509 3.2995 -2.70253
9.61453 3.29922 -2.63546
9.61358 3.29868 -2.57341
9.61139 3.29718 -2.49979
9.60716 3.29395 -2.4224
9.60559 3.29256 -2.35984
9.60526 3.29221 -2.28945
9.60497 3.29185 -2.21812
9.60333 3.28952 -2.10483
9.60117 3.28579 -2.06146
9.60022 3.28398 -1.9979
9.5997 3.28276 -1.92734
9.59924 3.28148 -1.85471
9.59729 3.27366 -1.77884
9.59261 3.24867 -1.70891
9.58817 3.21214 -1.64506
9.5856 3.16375 -1.57283
9.58658 3.09503 -1.48512
9.59235 3.03586 -1.43137
9.60435 2.95926 -1.3641
9.6222 2.88068 -1.30323
9.67192 2.71274 -1.27151
9.69826 2.62547 -1.3357
9.70079 2.61502 -1.39823
9.70139 2.61084 -1.46209
9.70226 2.60125 -1.52765
9.70246 2.59239 -1.60896
9.70204 2.58341 -1.68319
9.69924 2.56359 -1.75289
9.68981 2.51762 -1.8181
9.67144 2.45058 -1.88781
9.64283 2.36621 -1.96804
9.61292 2.29791 -2.03003
9.57584 2.22589 -2.09323
9.53654 2.15967 -2.14409
9.47395 2.06537 -2.20276
9.42598 2.00087 -2.23073
9.3789 1.9408 -2.24805
9.3306 1.88104 -2.25762
9.26917 1.80652 -2.26468
9.20448 1.72886 -2.26854
9.15505 1.66998 -2.27146
9.10309 1.60845 -2.27233
9.05338 1.5495 -2.26573
8.98955 1.47245 -2.24672
8.94049 1.41105 -2.23472
8.89318 1.35056 -2.24412
8.83587 1.28035 -2.28674
8.77009 1.20565 -2.32871
8.71733 1.15037 -2.34056
8.66583 1.09737 -2.34173
8.59047 1.01943 -2.32939
8.53509 0.960546 -2.31139
8.48356 0.903564 -2.28844
8.43124 0.842881 -2.26313
8.36438 0.761186 -2.21548
8.31872 0.698991 -2.16265
8.27521 0.632019 -2.09926
8.23855 0.567582 -2.0497
8.18637 0.464675 -2.01156
8.15217 0.391433 -2.00009
8.12028 0.321518 -1.99424
8.08916 0.252208 -1.98839
8.04877 0.160852 -1.98394
8.01896 0.092931 -1.98726
7.99485 0.03925 -2.04622
7.98875 0.02633 -2.14199
7.98841 0.025741 -2.19175
7.98814 0.025361 -2.26926
7.98792 0.025089 -2.30213
7.98792 0.025089 -2.30942
7.98792 0.025089 -2.37005
7.98792 0.025089 -2.43951
7.98384 0.021795 -2.50182
7.95808 0.00389 -2.57808
7.89162 -0.036056 -2.66322
7.82237 -0.070662 -2.7263
7.74785 -0.102048 -2.79182
7.67597 -0.127123 -2.85011
7.59827 -0.149431 -2.89136
7.49139 -0.175915 -2.93496
7.42031 -0.190358 -2.95998
7.34546 -0.203655 -2.98506
7.24344 -0.219316 -3.02244
7.1648 -0.228581 -3.05561
7.07913 -0.235354 -3.09253
6.98349 -0.240756 -3.13597
6.89927 -0.241122 3.09419
6.73131 -0.229831 2.95719
6.65846 -0.218992 2.89628
6.50373 -0.174611 2.7636
6.40036 -0.1315 2.67222
6.33003 -0.094353 2.6067
6.26441 -0.054146 2.54422
6.18818 3.6e-05 2.47137
6.11342 0.06034 2.40895
6.05694 0.112023 2.37528
5.99911 0.168458 2.34917
5.94542 0.223553 2.32459
5.88718 0.286518 2.29709
5.81779 0.365395 2.26628
5.77209 0.42042 2.25816
5.72123 0.48243 2.2582
5.65783 0.559391 2.26893
5.59504 0.633743 2.29048
5.54428 0.691008 2.3139
5.49208 0.747226 2.33453
5.43646 0.80485 2.34922
5.35677 0.885065 2.36371
5.30204 0.938824 2.37068
5.24946 0.989898 2.36918
5.19522 1.0429 2.36208
5.11978 1.11791 2.34168
5.05989 1.18009 2.31846
5.00595 1.23879 2.30111
4.95478 1.2964 2.28226
4.90583 1.35393 2.25424
4.84378 1.4317 2.22372
4.7845 1.50956 2.21053
4.73727 1.57313 2.20751
4.69283 1.63333 2.20279
4.64526 1.6985 2.19887
4.58108 1.78687 2.19887
4.5366 1.84822 2.19733
4.48993 1.9127 2.19602
4.44699 1.97219 2.1958
4.38437 2.05899 2.19477
4.33221 2.13145 2.19427
4.2856 2.19615 2.19822
4.24064 2.25805 2.20114
4.19231 2.32417 2.20401
4.1293 2.41008 2.20681
4.08843 2.46536 2.21213
4.04336 2.52554 2.21807
3.97292 2.61836 2.22802
3.92629 2.67858 2.2335
3.87867 2.73952 2.23568
3.82933 2.8024 2.23647
3.77496 2.8717 2.23568
3.714 2.94947 2.23568
3.66479 3.01223 2.23548
3.61907 3.07065 2.23415
3.57253 3.1302 2.23415
3.4989 3.22433 2.23437
3.45173 3.2846 2.2345
3.40448 3.34504 2.23311
3.35855 3.40396 2.23262
3.28815 3.49433 2.23262
3.24127 3.55455 2.23061
3.19227 3.61783 2.22506
3.14569 3.67882 2.21728
3.09959 3.73994 2.21401
3.02768 3.83609 2.20941
2.98328 3.89596 2.20508
2.93878 3.95646 2.20369
2.89152 4.02081 2.20369
2.83088 4.1035 2.20347
2.77971 4.17329 2.20347
2.73232 4.23799 2.20194
2.688 4.29872 2.19957
2.63415 4.3727 2.19984
2.57563 4.45317 2.19733
2.5306 4.51538 2.19733
2.48752 4.5749 2.19733
2.44138 4.63875 2.19724
2.3764 4.7287 2.1958
2.32582 4.7988 2.1958
2.28268 4.85861 2.19373
2.23836 4.92042 2.1903
2.18421 4.9965 2.18743
2.13888 5.06045 2.1866
2.09105 5.12804 2.18808
2.03401 5.20795 2.21044
1.98512 5.27308 2.24189
1.9252 5.34831 2.28058
1.87068 5.41175 2.32318
1.81734 5.46757 2.36612
1.76225 5.52024 2.41428
1.68224 5.58982 2.45673
1.6165 5.64312 2.4805
1.55693 5.6893 2.48573
1.49367 5.73807 2.47746
1.42535 5.7921 2.46163
1.34619 5.85632 2.45158
1.27656 5.91396 2.44465
1.22909 5.95365 2.43991
1.15682 6.01474 2.43674
1.08721 6.07412 2.42605
1.03957 6.1158 2.41136
0.998543 6.15279 2.39804
0.936764 6.20993 2.38925
0.861128 6.28077 2.39343
0.813552 6.32466 2.41969
0.77312 6.3599 2.42455
0.710235 6.41463 2.43853
0.665119 6.45253 2.48705
0.64621 6.46692 2.52991
0.636471 6.47354 2.59079
0.62213 6.48196 2.66556
0.612678 6.48692 2.7475
0.609019 6.48831 2.80909
0.592748 6.49355 2.87937
0.568469 6.49962 2.94546
0.526808 6.50709 3.0369
0.49331 6.5101 3.10068
0.455012 6.51101 -3.11651
0.410381 6.50916 -3.05392
0.361286 6.50411 -2.99708
0.281463 6.49114 -2.92452
0.227056 6.47843 -2.86714
0.174076 6.46263 -2.80282
0.129883 6.44635 -2.73971
0.088868 6.42821 -2.67804
0.026893 6.3957 -2.59407
-0.00845 6.37357 -2.54298
-0.039262 6.35215 -2.50587
-0.069838 6.32928 -2.47923
-0.11677 6.29198 -2.43892
-0.147703 6.2653 -2.39188
-0.175603 6.23886 -2.36215
-0.210802 6.20377 -2.34976
-0.272501 6.14104 -2.35179
-0.336289 6.07686 -2.36837
-0.37558 6.03895 -2.39849
-0.407144 6.01035 -2.42966
-0.44063 5.98187 -2.46088
-0.491993 5.94138 -2.54109
-0.521476 5.92173 -2.60464
-0.551338 5.90406 -2.67603
-0.57746 5.89028 -2.73669
-0.59418 5.8833 -2.79738
-0.622291 5.8741 -2.88959
-0.659032 5.86526 -2.95262
-0.704233 5.85742 -3.01725
-0.775044 5.84972 -3.10695
-0.82462 5.84865 3.11729
-0.88384 5.85101 3.05519
-0.952286 5.85811 2.98915
-1.05832 5.87652 2.8987
-1.12625 5.89427 2.83731
-1.19044 5.91581 2.76594
-1.26449 5.94656 2.70595
-1.34794 5.9858 2.64015
-1.41158 6.02178 2.59138
-1.5411 6.10546 2.54462
-1.63864 6.17171 2.55794
-1.70312 6.21346 2.59893
-1.7661 6.25052 2.6434
-1.84219 6.29081 2.68967
-1.92654 6.33125 2.76261
-2.00887 6.36229 2.83488
-2.14879 6.40466 2.96091
-2.2153 6.41655 3.034
-2.25734 6.42043 3.09958
-2.30138 6.42207 -3.11207
-2.35664 6.41938 -3.01571
-2.38706 6.4151 -2.95279
-2.41502 6.4094 -2.89246
-2.45373 6.39877 -2.8078
-2.48284 6.38831 -2.7417
-2.51073 6.37599 -2.67785
-2.54349 6.35886 -2.61176
-2.57858 6.3376 -2.55212
-2.63968 6.29504 -2.46022
-2.68235 6.25934 -2.40143
-2.72011 6.22418 -2.36083
-2.75613 6.18798 -2.32993
-2.81315 6.12672 -2.28326
-2.84924 6.08451 -2.26348
-2.88285 6.04371 -2.2489
-2.9186 5.99887 -2.22293
-2.96104 5.94175 -2.18033
-2.99999 5.8855 -2.15018
-3.02774 5.84272 -2.13293
-3.05574 5.7979 -2.11847
-3.10822 5.71116 -2.10367
-3.14647 5.64601 -2.08916
-3.17488 5.59535 -2.05141
-3.19743 5.55183 -1.98597
-3.20772 5.52855 -1.92601
-3.21278 5.51536 -1.85746
-3.21303 5.51459 -1.79449
-3.21318 5.51391 -1.62893
-3.21319 5.51391 -1.56531
-3.21319 5.51391 -1.50641
-3.21314 5.51351 -1.44451
-3.21297 5.51231 -1.34855
-3.21275 5.51143 -1.28674
-3.21253 5.51067 -1.22666
-3.21115 5.50716 -1.16106
-3.20644 5.49725 -1.09126
-3.18266 5.45419 -0.995556
-3.15456 5.41226 -0.937398
-3.11646 5.3622 -0.871034
-3.05071 5.28694 -0.782678
-2.99479 5.23289 -0.723848
-2.93507 5.18165 -0.660552
-2.87883 5.13928 -0.596486
-2.79473 5.08388 -0.510992
-2.73757 5.0529 -0.448822
-2.68909 5.03036 -0.386647
-2.6527 5.01609 -0.31322
-2.64304 5.0127 -0.284599
-2.64257 5.01257 -0.273682
-2.64257 5.01257 -0.229064
-2.64257 5.01257 -0.155344
-2.64166 5.01243 -0.131861
-2.62998 5.01111 -0.071155
-2.60877 5.00997 -0.011591
-2.57011 5.01013 0.053027
-2.52929 5.01254 0.080151
-2.41995 5.02207 0.109365
-2.34363 5.03064 0.117843
-2.26948 5.03949 0.121197
-2.16147 5.05272 0.124632
-2.10021 5.06037 0.119892
-2.01671 5.07038 0.111645
-1.91604 5.08113 0.066296
-1.83909 5.0858 0.005224
-1.76531 5.08517 -0.055709
-1.67813 5.07853 -0.128801
-1.57929 5.06466 -0.210039
-1.50687 5.04817 -0.269013
-1.40339 5.01787 -0.357435
-1.332 4.99002 -0.42022
-1.25957 4.95625 -0.48284
-1.19217 4.91991 -0.531984
-1.12185 4.87742 -0.57487
-1.02967 4.81678 -0.614058
-0.982408 4.78327 -0.616823
-0.973198 4.77672 -0.620178
-0.973009 4.77659 -0.620545
-0.973009 4.77659 -0.620545
-0.973009 4.77659 -0.620545
-0.973009 4.77659 -0.620545
-0.973009 4.77659 -0.620545
-0.973009 4.77659 -0.620545
-0.973009 4.77659 -0.622079
-0.973009 4.77659 -0.622079
-0.972652 4.77633 -0.620688
-0.97222 4.77602 -0.580543
-0.971586 4.77563 -0.517893
-0.971258 4.77545 -0.460033
-0.970963 4.7753 -0.393994
-0.970963 4.7753 -0.300762
-0.970963 4.7753 -0.242851
-0.970087 4.7751 -0.179156
-0.969205 4.77495 -0.094035
-0.968575 4.77489 -0.0251
-0.968376 4.7749 0.036995
-0.96809 4.77491 0.102714
-0.968033 4.77492 0.19349
-0.967156 4.7751 0.254352
-0.967141 4.7751 0.314868
-0.967141 4.7751 0.3949
-0.966443 4.77543 0.470564
-0.965832 4.77574 0.53253
-0.965832 4.77574 0.595815
-0.965832 4.77574 0.662708
-0.965832 4.77574 0.755269
-0.965791 4.77578 0.817942
-0.965499 4.77609 0.882483
-0.965499 4.77609 0.958826
-0.965229 4.77649 1.02591
-0.965229 4.77649 1.08778
-0.965229 4.77649 1.15066
-0.964523 4.77834 1.24836
-0.960822 4.79008 1.30536
-0.951014 4.82932 1.36856
-0.934276 4.92116 1.46447
-0.927967 4.99072 1.52728
-0.925839 5.06672 1.59125
-0.929229 5.15326 1.66029
-0.938902 5.25201 1.74093
-0.97112 5.41319 1.8771
-0.989494 5.48044 1.93259
-1.01963 5.55938 2.0019
-1.06588 5.6547 2.08871
-1.10596 5.72335 2.16291
-1.13057 5.75931 2.21575
-1.13403 5.76395 2.21625
-1.13403 5.76395 2.21574
-1.16686 5.80733 2.24888
-1.19425 5.84315 2.27159
-1.24223 5.90048 2.25434
-1.31561 5.99256 2.19856
-1.35509 6.04791 2.16192
-1.46055 6.21356 2.07144
-1.50205 6.28862 2.01657
-1.53092 6.34932 1.9664
-1.56083 6.4243 1.90307
-1.58435 6.49567 1.84437
-1.61088 6.59426 1.78439
-1.62525 6.66304 1.7471
-1.6526 6.83374 1.70569
-1.66672 6.93787 1.71115
-1.67918 7.02481 1.72744
-1.69221 7.10451 1.74731
-1.70744 7.18898 1.76368
-1.72103 7.25826 1.77489
-1.74339 7.36407 1.80157
-1.76205 7.44139 1.82617
-1.78103 7.51243 1.84852
-1.8025 7.58614 1.87324
-1.83746 7.69548 1.90471
-1.86235 7.7664 1.92236
-1.88774 7.83462 1.94218
-1.92789 7.93628 1.96984
-1.95688 8.00445 1.98242
-1.98849 8.07628 1.99306
-2.02046 8.14702 2.00318
-2.06702 8.24739 2.01114
-2.0992 8.31557 2.01325
-2.13345 8.38786 2.01401
-2.16628 8.45695 2.01417
-2.21333 8.55618 2.01374
-2.23906 8.61036 2.01479
-2.25656 8.64714 2.01479
-2.26921 8.67375 2.01479
-2.27451 8.68489 2.01479
-2.27455 8.68498 2.01479
-2.27691 8.68994 2.01231
-2.32899 8.80144 1.97565
-2.36171 8.87669 1.94466
-2.38721 8.94313 1.90497
-2.41998 9.04179 1.85289
-2.44388 9.12609 1.81991
-2.46123 9.19549 1.80449
-2.50183 9.36777 1.81203
-2.56164 9.61073 2.00353
-2.57809 9.67013 2.06779
-2.58149 9.67647 2.11564
-2.58315 9.67908 2.18735
-2.58508 9.68182 2.25288
-2.58561 9.68248 2.31801
-2.58571 9.68258 2.40077
-2.58596 9.68281 2.46337
-2.58596 9.68281 2.52331
-2.58636 9.68309 2.61752
-2.58678 9.68333 2.67711
-2.58721 9.68354 2.7418
-2.58747 9.68364 2.80499
-2.59167 9.68487 2.89845
-2.6119 9.68939 2.96544
-2.64395 9.69451 3.03288
-2.67829 9.69772 3.09554
-2.72164 9.69887 -3.12114
-2.79031 9.69651 -3.04003
-2.84213 9.69064 -2.99958
-2.9002 9.68182 -2.96663
-2.96881 9.66901 -2.9334
-3.02454 9.65712 -2.91238
-3.05907 9.649 -2.90544
-3.06557 9.64743 -2.90314
-3.06574 9.64739 -2.9024
-3.06624 9.64727 -2.90454
-3.06624 9.64727 -2.9128
-3.06671 9.64716 -2.94948
-3.06671 9.64716 -3.03794
-3.07657 9.64709 3.12448
-3.11828 9.6485 3.06278
-3.19203 9.65521 3.01966
-3.26844 9.66521 2.9856
-3.36833 9.68215 2.94493
-3.52553 9.71543 2.91589
-3.60895 9.73418 2.91669
-3.6839 9.7514 2.9485
-3.75753 9.76518 3.01332
-3.83215 9.77631 3.09273
-3.8923 9.7805 -3.11227
-3.90781 9.78001 -3.05724
-3.90906 9.77992 -2.97875
-3.90977 9.77978 -2.91161
-3.91001 9.77973 -2.85569
-3.91001 9.77973 -2.75715
-3.91001 9.77973 -2.69882
-3.91032 9.77957 -2.64036
-3.91076 9.77931 -2.56426
-3.91113 9.77907 -2.4919
-3.91142 9.77886 -2.42946
-3.91142 9.77886 -2.3646
-3.91408 9.7759 -2.27448
-3.95876 9.71585 -2.1379
-3.98496 9.67327 -2.07678
-4.02997 9.5881 -1.98572
-4.05891 9.5197 -1.92393
-4.0807 9.45862 -1.87096
-4.08701 9.43831 -1.87064
-4.08865 9.43321 -1.88492
-4.08888 9.4325 -1.88456
-4.08888 9.4325 -1.88581
-4.08888 9.4325 -1.8861
-4.08901 9.43211 -1.89264
-4.08926 9.43135 -1.91867
-4.08997 9.42948 -2.00593
-4.09001 9.42939 -2.06154
-4.09001 9.42939 -2.12255
-4.09217 9.4262 -2.17909
-4.10493 9.40788 -2.18031
-4.11474 9.39382 -2.16895
-4.12295 9.38153 -2.16868
-4.14716 9.34616 -2.17295
-4.18885 9.28557 -2.17536
-4.21297 9.25063 -2.16145
-4.21649 9.24549 -2.11816
-4.21713 9.24442 -2.04341
-4.21763 9.24338 -1.91723
-4.21764 9.24336 -1.83739
-4.21776 9.24289 -1.76187
-4.21776 9.24289 -1.69947
-4.21776 9.24289 -1.63404
-4.21776 9.24289 -1.57227
-4.21775 9.24241 -1.48101
-4.2177 9.24193 -1.41799
-4.21769 9.2419 -1.35498
-4.2176 9.24145 -1.29529
-4.21746 9.24099 -1.19802
-4.21746 9.24099 -1.13244
-4.21746 9.24099 -1.08826
-4.21746 9.24099 -1.08625
-4.21746 9.24099 -1.0761
-4.21746 9.24099 -1.02697
-4.21746 9.24099 -0.959675
-4.21746 9.24099 -0.894933
-4.21715 9.24061 -0.832719
-4.21715 9.24061 -0.737612
-4.21715 9.24061 -0.676923
-4.21715 9.24061 -0.612033
-4.21715 9.24061 -0.549742
-4.21715 9.24061 -0.458982
-4.21715 9.24061 -0.395433
-4.21715 9.24061 -0.330796
-4.21715 9.24061 -0.261827
-4.21715 9.24061 -0.177649
-4.21715 9.24061 -0.111644
-4.21715 9.24061 -0.050729
-4.21715 9.24061 0.028668
-4.21715 9.24061 0.105357
-4.21715 9.24061 0.166973
-4.21692 9.24066 0.229944
-4.21234 9.24186 0.297298
-4.20344 9.24476 0.389222
-4.19738 9.24732 0.446407
-4.1918 9.25012 0.507133
-4.18649 9.25323 0.594537
-4.17492 9.26145 0.659174
-4.15015 9.28144 0.725788
-4.10235 9.32552 0.817919
-4.06499 9.3665 0.875984
-4.02586 9.41474 0.930633
-3.97802 9.4813 0.990853
-3.93925 9.54072 1.02144
-3.90435 9.59786 1.0163
-3.81163 9.74754 0.886348
-3.79181 9.77229 0.791968
-3.79127 9.77288 0.754465
-3.79088 9.77323 0.673772
-3.79032 9.77368 0.602083
-3.78992 9.77394 0.549247
-3.78992 9.77394 0.52921
-3.78992 9.77394 0.476461
-3.78992 9.77394 0.417973
-3.78992 9.77394 0.412948
-3.78992 9.77394 0.352481
-3.78982 9.77397 0.294535
-3.7875 9.77462 0.23752
-3.74254 9.78394 0.13892
-3.67094 9.7926 0.078909
-3.59324 9.79787 0.037227
-3.51313 9.80025 0.006126
-3.41324 9.79989 -0.025713
-3.31977 9.79715 -0.049056
-3.24627 9.7933 -0.064576
-3.17021 9.78811 -0.081575
-3.06198 9.77859 -0.121893
-2.99352 9.76977 -0.155149
-2.90233 9.75507 -0.210889
-2.83005 9.73882 -0.258379
-2.74605 9.71632 -0.327168
-2.66992 9.69048 -0.391614
-2.59533 9.65968 -0.45884
-2.50201 9.61352 -0.545391
-2.46145 9.58881 -0.615628
-2.45264 9.58264 -0.668958
-2.45259 9.5826 -0.691038
-2.45189 9.58202 -0.724456
-2.45189 9.58202 -0.784037
-2.45155 9.58168 -0.812295
-2.45155 9.58168 -0.830109
-2.45155 9.58168 -0.955752
-2.45155 9.58168 -0.984883
-2.45155 9.58168 -1.02618
-2.45155 9.58168 -1.08686
-2.45132 9.58125 -1.15261
-2.4388 9.55018 -1.24796
-2.41999 9.4902 -1.31228
-2.40079 9.41264 -1.37054
-2.38621 9.33664 -1.412
-2.37287 9.24749 -1.44467
-2.36112 9.15279 -1.46984
-2.35386 9.07882 -1.48251
-2.34519 8.97774 -1.48381
-2.33725 8.88729 -1.47881
-2.33005 8.81086 -1.47041
-2.32222 8.73445 -1.46404
-2.31351 8.65461 -1.45639
-2.30052 8.54305 -1.44988
-2.29155 8.46966 -1.44522
-2.28261 8.39948 -1.43686
-2.26783 8.29291 -1.41623
-2.25503 8.21333 -1.39685
-2.23993 8.12932 -1.38215
-2.22416 8.04686 -1.36835
-2.20786 7.96917 -1.35188
-2.19087 7.89426 -1.33573
-2.16753 7.79888 -1.31684
-2.14442 7.71069 -1.29795
-2.12344 7.63682 -1.28449
-2.10148 7.56293 -1.2717
-2.07456 7.47676 -1.26114
-2.04316 7.37913 -1.24891
-1.99467 7.23516 -1.25072
-1.96923 7.1584 -1.27178
-1.93734 7.05173 -1.32619
-1.91801 6.97113 -1.37482
-1.90368 6.89558 -1.4082
-1.89306 6.82901 -1.42525
-1.8901 6.80882 -1.42359
-1.89006 6.80857 -1.42436
-1.88999 6.80809 -1.42436
-1.88999 6.80809 -1.42436
-1.88999 6.80809 -1.42436
-1.88999 6.80809 -1.42436
-1.88999 6.80809 -1.42436
-1.88999 6.80809 -1.42315
-1.88966 6.80586 -1.42989
-1.8883 6.79611 -1.44488
-1.88137 6.73671 -1.46774
-1.87368 6.6612 -1.47427
-1.86641 6.5845 -1.47854
-1.85888 6.5042 -1.4729
-1.84965 6.41147 -1.46961
-1.84038 6.31989 -1.47239
-1.83265 6.24091 -1.47542
-1.82562 6.16708 -1.47592
-1.81847 6.09334 -1.45998
-1.80649 5.99767 -1.37745
-1.79316 5.93031 -1.24555
-1.79278 5.92844 -1.17756
-1.7914 5.92532 -1.12529
-1.79002 5.92242 -1.10978
-1.78937 5.92115 -1.07643
-1.78814 5.91893 -1.02328
-1.78575 5.91518 -0.986578
-1.78274 5.91062 -0.984378
-1.78194 5.90945 -0.95044
-1.77994 5.90672 -0.889419
-1.77814 5.90457 -0.829098
-1.77762 5.90401 -0.797612
-1.77707 5.90346 -0.739331
-1.77158 5.89877 -0.672146
-1.74557 5.87914 -0.60791
-1.66317 5.82439 -0.508695
-1.59617 5.78844 -0.448933
-1.53233 5.75848 -0.391223
-1.43689 5.7213 -0.308403
-1.35937 5.69756 -0.247453
-1.28045 5.67848 -0.208672
-1.19454 5.66112 -0.175898
-1.10514 5.64539 -0.157338
-1.03085 5.63382 -0.140572
-0.955433 5.62387 -0.099851
-0.839032 5.61368 -0.043605
-0.767561 5.611 -0.018963
-0.69123 5.60994 0.003067
-0.586674 5.6107 0.026452
-0.515787 5.61284 0.04153
-0.425203 5.61702 0.06114
-0.335881 5.62267 0.084631
-0.259831 5.62953 0.106305
-0.164424 5.64024 0.134455
-0.087392 5.65082 0.152983
-0.010518 5.66285 0.158727
0.091248 5.67914 0.151291
0.246194 5.70136 0.11833
0.337868 5.7119 0.059617
0.426398 5.71581 -0.013941
0.505475 5.71473 -0.078922
0.608754 5.70606 -0.163941
0.679696 5.69339 -0.223209
0.841209 5.65171 -0.360516
0.92507 5.6285 -0.432772
0.973337 5.60566 -0.48338
0.982045 5.60109 -0.576969
0.982944 5.6005 -0.637214
0.983108 5.60038 -0.700761
0.983108 5.60038 -0.76693
0.983108 5.60038 -0.840938
0.983378 5.60003 -0.923755
0.990443 5.59005 -0.992661
1.01154 5.55652 -1.0538
1.06078 5.46602 -1.14402
1.09274 5.39263 -1.20831
1.11835 5.32212 -1.26899
1.14031 5.24738 -1.33422
1.16516 5.13499 -1.42569
1.1752 5.06032 -1.47287
1.18203 4.98463 -1.50719
1.18664 4.90435 -1.53177
1.18915 4.83082 -1.55438
1.19034 4.71522 -1.57993
1.18941 4.63787 -1.59176
1.18765 4.56201 -1.60078
1.18451 4.46666 -1.61013
1.18068 4.37234 -1.61825
1.17697 4.29609 -1.62518
1.17241 4.2157 -1.63443
1.16741 4.13973 -1.64219
1.15908 4.02336 -1.64372
1.15362 3.94864 -1.64521
1.14797 3.87354 -1.6494
1.14174 3.79706 -1.66067
1.13274 3.69893 -1.66742
1.12406 3.61018 -1.67357
1.11527 3.52537 -1.6744
1.10691 3.44565 -1.67837
1.09865 3.36966 -1.6813
1.08839 3.27803 -1.68422
1.07696 3.17779 -1.68514
1.06824 3.10204 -1.68634
1.05941 3.0256 -1.68667
1.05019 2.9464 -1.68688
1.03693 2.83351 -1.68821
1.02787 2.75719 -1.68843
1.01879 2.68066 -1.68974
1.00934 2.60161 -1.68974
0.99754 2.50354 -1.69223
0.986154 2.41029 -1.69371
0.976763 2.33447 -1.69285
0.96745 2.25786 -1.68974
0.957968 2.17832 -1.6876
0.944887 2.06577 -1.68054
0.936569 1.99028 -1.68074
0.927719 1.91067 -1.68361
0.919429 1.8375 -1.68361
0.907198 1.72954 -1.68464
0.898023 1.64983 -1.68566
0.889331 1.57432 -1.68339
0.880802 1.49821 -1.67906
0.870613 1.40209 -1.6694
0.861263 1.30673 -1.66275
0.854664 1.23409 -1.65395
0.848698 1.16085 -1.64406
0.841094 1.05125 -1.62338
0.837063 0.968335 -1.60188
0.834908 0.888227 -1.58462
0.834099 0.811612 -1.57213
0.834322 0.718603 -1.55792
0.835733 0.623393 -1.54108
0.838245 0.550065 -1.52199
0.841993 0.478786 -1.50145
0.850781 0.363266 -1.47181
0.858533 0.288014 -1.45697
0.867841 0.208497 -1.44815
0.877358 0.132521 -1.44075
0.889841 0.038006 -1.43658
0.902494 -0.055361 -1.43298
0.913616 -0.135274 -1.43203
0.924217 -0.211178 -1.43249
0.935181 -0.290249 -1.43311
0.950668 -0.401367 -1.42867
0.96113 -0.473831 -1.42159
0.984768 -0.63084 -1.38244
1.0224 -0.808869 -1.26962
1.06812 -0.94536 -1.13424
1.09064 -1.00083 -0.986307
1.09282 -1.0047 -0.948929
1.0931 -1.00509 -0.926445
1.0931 -1.00509 -0.871246
1.0931 -1.00509 -0.808309
1.0931 -1.00509 -0.714644
1.09347 -1.00541 -0.654121
1.09734 -1.00816 -0.589522
1.12394 -1.02494 -0.519598
1.19844 -1.06545 -0.425
1.26213 -1.09308 -0.362555
1.33481 -1.1194 -0.29903
1.41446 -1.14245 -0.232454
1.51175 -1.16442 -0.156219
1.58309 -1.17484 -0.111057
1.67504 -1.18393 -0.064566
1.76572 -1.18925 -0.019501
1.84763 -1.19033 0.022378
1.92561 -1.18824 0.068146
2.00773 -1.18197 0.118844
2.18642 -1.15831 0.247244
2.2523 -1.14091 0.303311
2.34084 -1.11262 0.378111
2.41144 -1.08344 0.419307
2.50325 -1.04252 0.407313
2.6716 -0.971568 0.283652
2.74868 -0.949385 0.263683
2.82708 -0.928246 0.221543
2.89904 -0.913115 0.161146
2.99874 -0.89815 0.077041
3.06546 -0.893613 0.023082
3.16916 -0.893294 -0.062602
3.24949 -0.89905 -0.12512
3.32543 -0.909496 -0.170585
3.40091 -0.92323 -0.209496
3.51129 -0.947932 -0.261812
3.58846 -0.96922 -0.288378
3.66197 -0.9914 -0.307577
3.72825 -1.01279 -0.325011
3.83813 -1.05034 -0.345601
3.90997 -1.07641 -0.355122
3.9851 -1.10447 -0.363313
4.0568 -1.13184 -0.369196
4.14348 -1.16564 -0.376483
4.23539 -1.20205 -0.381795
4.30087 -1.22838 -0.384485
4.37519 -1.25853 -0.388911
4.47264 -1.29846 -0.391586
4.54699 -1.32916 -0.391979
4.61752 -1.35831 -0.391979
4.68803 -1.38746 -0.391105
4.7808 -1.42574 -0.392798
4.8639 -1.46018 -0.392587
4.93683 -1.49026 -0.385686
5.00541 -1.51791 -0.374159
5.09466 -1.55254 -0.355802
5.17558 -1.58237 -0.340327
5.26055 -1.61235 -0.325051
5.41455 -1.66204 -0.258032
5.55643 -1.69941 -0.19062
5.57327 -1.70279 -0.150625
5.57932 -1.70364 -0.06921
5.58066 -1.70372 -0.00555
5.58075 -1.70372 0.061855
5.5816 -1.70365 0.12471
5.58249 -1.70353 0.204278
5.58295 -1.70343 0.28182
5.58361 -1.70323 0.344735
5.58384 -1.70314 0.405832
5.58424 -1.70297 0.477881
5.58466 -1.70273 0.563273
5.58466 -1.70273 0.622639
5.58522 -1.70233 0.686697
5.58547 -1.7021 0.769047
5.58558 -1.702 0.841368
5.58576 -1.70179 0.906835
5.58603 -1.70144 0.96969
5.58627 -1.70107 1.03189
5.58649 -1.70069 1.1277
5.58664 -1.70038 1.19056
5.58664 -1.70038 1.25316
5.58678 -1.69992 1.31893
5.58678 -1.69992 1.37891
5.58687 -1.69944 1.47978
5.58687 -1.69944 1.54081
5.58687 -1.69944 1.60142
5.58684 -1.69905 1.68308
5.58682 -1.69876 1.75687
5.58682 -1.69876 1.81977
5.58666 -1.69821 1.87952
5.58403 -1.69099 1.94874
5.56644 -1.64985 2.04378
5.54248 -1.60501 2.11208
5.5154 -1.56143 2.17169
5.46935 -1.4974 2.2534
5.42377 -1.4423 2.3218
5.36466 -1.37995 2.39682
5.30105 -1.32199 2.46936
5.24295 -1.27682 2.52988
5.17844 -1.23304 2.59302
5.11341 -1.19461 2.65578
5.00896 -1.14211 2.75091
4.93774 -1.11401 2.81326
4.85077 -1.08559 2.88796
4.78041 -1.06777 2.94696
4.6858 -1.05028 3.02642
4.62405 -1.04346 3.07728
4.45259 -1.03975 -3.0638
4.37152 -1.04506 -3.02601
4.2771 -1.05603 -3.02731
4.19834 -1.06481 -3.04752
4.12477 -1.07126 -3.07482
4.01097 -1.07818 -3.10681
3.93522 -1.08045 -3.12587
3.85876 -1.08132 3.14101
3.77876 -1.08097 3.12686
3.50748 -1.07441 3.00331
3.43148 -1.06978 2.9521
3.37016 -1.0572 2.89135
3.28359 -1.03349 2.79938
3.21792 -1.00914 2.74141
3.1466 -0.977659 2.68688
3.05952 -0.936433 2.63544
2.91014 -0.852342 2.64421
2.82699 -0.807008 2.69618
2.75982 -0.774915 2.75805
2.60122 -0.711887 2.89675
2.52353 -0.692342 2.9628
2.44807 -0.679911 3.03753
2.38047 -0.671454 3.11965
2.36175 -0.67106 -3.13308
2.35954 -0.671075 -3.12894
2.35954 -0.671075 -3.11917
2.35954 -0.671075 -3.08313
2.35954 -0.671075 -3.06574
2.35954 -0.671075 -3.06574
2.35954 -0.671075 -3.06574
2.35954 -0.671075 -3.06574
2.35954 -0.671075 -3.06776
2.35954 -0.671075 -3.07341
2.35954 -0.671075 -3.06216
2.3586 -0.671163 -3.01636
2.35837 -0.671186 -2.92162
2.35837 -0.671186 -2.85885
2.35819 -0.67125 -2.79944
2.35792 -0.671347 -2.79576
2.35779 -0.671394 -2.79268
2.35705 -0.671662 -2.76998
2.35647 -0.671911 -2.71008
2.35604 -0.672118 -2.64566
2.35552 -0.672403 -2.55343
2.35512 -0.672678 -2.49483
2.35495 -0.672807 -2.43372
2.35474 -0.672978 -2.37273
2.3432 -0.683944 -2.47133
2.33569 -0.691051 -2.53562
2.33525 -0.691366 -2.60303
2.33519 -0.691393 -2.66605
2.33481 -0.69159 -2.755
2.33481 -0.69159 -2.80692
2.33436 -0.691748 -2.817
2.33436 -0.691748 -2.83354
2.33436 -0.691748 -2.91183
2.33436 -0.691748 -2.96743
2.33436 -0.691748 -2.94911
2.33436 -0.691748 -2.90166
2.33369 -0.691919 -2.83829
2.33369 -0.691919 -2.78132
2.33305 -0.692165 -2.75147
2.33305 -0.692165 -2.7022
2.33305 -0.692165 -2.65202
2.33263 -0.6924 -2.60858
2.33263 -0.6924 -2.56824
2.33263 -0.6924 -2.51921
2.33223 -0.692683 -2.4882
2.33223 -0.692683 -2.4648
2.32886 -0.695444 -2.43836
2.31178 -0.710278 -2.40638
2.26777 -0.751043 -2.3657
2.20379 -0.815133 -2.31023
2.15462 -0.869488 -2.29042
2.10725 -0.923475 -2.3577
2.10608 -0.924761 -2.38782
2.10527 -0.925518 -2.41735
2.10524 -0.925548 -2.47321
2.10524 -0.925548 -2.55832
2.10524 -0.925548 -2.61757
2.10524 -0.925548 -2.66742
2.10524 -0.925548 -2.68261
2.10524 -0.925548 -2.71189
2.10524 -0.925548 -2.78975
2.10454 -0.92576 -2.86205
2.08546 -0.930868 -2.9473
2.04345 -0.938989 -3.00652
1.98137 -0.946654 -3.06944
1.89901 -0.95098 -3.14109
1.79624 -0.949719 3.06191
1.62309 -0.933491 3.08601
1.54662 -0.927225 3.124
1.49258 -0.925868 -3.09966
1.44973 -0.928131 -3.03156
1.42983 -0.92999 -2.95115
1.42925 -0.9301 -2.89106
1.42925 -0.9301 -2.82427
1.42126 -0.932938 -2.76313
1.36439 -0.957493 -2.66345
1.31469 -0.984268 -2.59964
1.26223 -1.017 -2.53739
1.20985 -1.05424 -2.47702
1.12032 -1.12737 -2.38234
1.06476 -1.18163 -2.31907
1.01777 -1.23356 -2.26121
0.95696 -1.31003 -2.18586
0.906726 -1.38258 -2.11354
0.869994 -1.44528 -2.05717
0.829825 -1.52482 -1.99681
0.789789 -1.61432 -1.95394
0.762295 -1.68412 -1.9249
0.734762 -1.75973 -1.90583
0.709786 -1.83233 -1.89332
0.673536 -1.94142 -1.89047
0.650364 -2.01097 -1.90026
0.625799 -2.08205 -1.91409
0.597402 -2.16059 -1.92781
0.558987 -2.26291 -1.94014
0.53246 -2.33119 -1.9443
0.504457 -2.40249 -1.94723
0.466012 -2.49971 -1.94969
0.434413 -2.57897 -1.95295
0.406335 -2.64884 -1.95206
0.377246 -2.72134 -1.95298
0.344754 -2.80248 -1.94811
0.305635 -2.90138 -1.94405
0.277735 -2.97275 -1.94285
0.251243 -3.04064 -1.94431
0.221627 -3.1162 -1.94588
0.180603 -3.22013 -1.94783
0.152395 -3.29151 -1.94488
0.123006 -3.36654 -1.94182
0.095368 -3.43773 -1.93889
0.061772 -3.52509 -1.93462
0.028767 -3.6119 -1.93024
0.001727 -3.684 -1.92672
-0.023826 -3.75325 -1.91541
-0.062828 -3.86275 -1.9049
-0.087355 -3.9336 -1.9018
-0.112591 -4.00708 -1.90248
-0.138696 -4.0823 -1.91117
-0.171366 -4.17398 -1.9169
-0.20289 -4.26127 -1.92046
-0.229242 -4.33338 -1.92388
-0.256949 -4.40821 -1.92999
-0.284221 -4.48051 -1.9374
-0.326343 -4.58958 -1.94787
-0.353355 -4.65755 -1.95202
-0.380004 -4.72391 -1.95592
-0.418851 -4.81961 -1.95871
-0.45302 -4.90311 -1.96126
-0.482162 -4.97384 -1.9628
-0.512186 -5.04639 -1.96433
-0.540906 -5.11551 -1.96776
-0.585288 -5.22043 -1.98315
-0.617146 -5.293 -1.98561
-0.645553 -5.35761 -1.98293
-0.677203 -5.43016 -1.97856
-0.720897 -5.53158 -1.97412
-0.750521 -5.60128 -1.96969
-0.78177 -5.67542 -1.96742
-0.811249 -5.74601 -1.96372
-0.854695 -5.85108 -1.95905
-0.883393 -5.92149 -1.95513
-0.913409 -5.99573 -1.95359
-0.941271 -6.06492 -1.95508
-0.979967 -6.16061 -1.95633
-1.01313 -6.24218 -1.95937
-1.042 -6.31267 -1.95973
-1.07109 -6.38384 -1.95488
-1.10102 -6.45805 -1.9527
-1.14248 -6.56139 -1.95149
-1.17106 -6.63294 -1.94855
-1.19797 -6.70088 -1.94592
-1.23691 -6.79977 -1.94188
-1.26603 -6.87474 -1.93744
-1.29495 -6.95039 -1.93013
-1.32141 -7.02129 -1.92341
-1.35427 -7.11144 -1.91433
-1.38544 -7.19872 -1.91004
-1.41091 -7.27112 -1.90604
-1.4374 -7.34727 -1.90297
-1.46243 -7.41989 -1.8999
-1.49806 -7.52424 -1.8984
-1.5234 -7.59878 -1.8998
-1.54686 -7.66749 -1.8999
-1.57263 -7.74295 -1.8999
-1.6094 -7.85049 -1.90232
-1.63374 -7.92116 -1.90365
-1.65812 -7.99163 -1.9025
-1.68315 -8.06446 -1.89922
-1.72033 -8.1742 -1.89376
-1.74376 -8.24419 -1.89525
-1.76769 -8.31534 -1.89663
-1.79341 -8.39127 -1.89837
-1.82871 -8.49494 -1.90143
-1.85476 -8.57082 -1.90234
-1.87865 -8.64015 -1.90359
-1.90652 -8.72055 -1.90726
-1.94106 -8.819 -1.91563
-1.96604 -8.88827 -1.9213
-1.99224 -8.95961 -1.92842
-2.02023 -9.03417 -1.93605
-2.06091 -9.13969 -1.94903
-2.08929 -9.21068 -1.95782
-2.11877 -9.28273 -1.9629
-2.15141 -9.36138 -1.96688
-2.19081 -9.45543 -1.97232
-2.2208 -9.52593 -1.97524
-2.24984 -9.59365 -1.97808
-2.28176 -9.6675 -1.97967
-2.32607 -9.76976 -1.97967
-2.35649 -9.83996 -1.97967
-2.38696 -9.91029 -1.98054
-2.41896 -9.98388 -1.9812
-2.45716 -10.0715 -1.98347
-2.49776 -10.1642 -1.98427
-2.52851 -10.2343 -1.98427
-2.55933 -10.3046 -1.98427
-2.59162 -10.3781 -1.98427
-2.62594 -10.4564 -1.98461
-2.66916 -10.5547 -1.98734
-2.69868 -10.6214 -1.9888
-2.73166 -10.6958 -1.98734
-2.76213 -10.7648 -1.98581
-2.80354 -10.8588 -1.98472
-2.83993 -10.9416 -1.98427
-2.87076 -11.0119 -1.98517
-2.90137 -11.0814 -1.98581
-2.93369 -11.1547 -1.98809
-2.97958 -11.2581 -1.98887
-3.01181 -11.3306 -1.99088
-3.04301 -11.4003 -1.99381
-3.07192 -11.4644 -1.99651
-3.11817 -11.5661 -2.00232
-3.15051 -11.6361 -2.00782
-3.18267 -11.7047 -2.01125
-3.22387 -11.7919 -2.01266
-3.2644 -11.8775 -2.01495
-3.29788 -11.9479 -2.01247
-3.33057 -12.0173 -2.00881
-3.36316 -12.0869 -2.01035
-3.41037 -12.1872 -2.01035
-3.44515 -12.2611 -2.01188
-3.47813 -12.3309 -2.01188
-3.50897 -12.3963 -2.01085
-3.55446 -12.493 -2.01035
-3.59266 -12.5742 -2.01035
-3.62541 -12.6439 -2.00881
-3.65948 -12.7166 -2.01035
-3.69189 -12.7854 -2.01188
-3.72906 -12.8642 -2.01144
-3.77419 -12.9599 -2.01035
-3.80657 -13.0288 -2.00881
-3.83805 -13.096 -2.00881
-3.87128 -13.167 -2.00881
-3.91951 -13.2698 -2.01035
-3.95213 -13.3392 -2.01035
-3.98595 -13.4111 -2.00932
-4.01815 -13.4798 -2.00881
-4.05777 -13.5646 -2.00659
-4.09927 -13.6537 -2.00575
-4.13054 -13.721 -2.00575
-4.16271 -13.7902 -2.0071
-4.19905 -13.8683 -2.00575
-4.24461 -13.9664 -2.00575
-4.27776 -14.0377 -2.00575
-4.31033 -14.1078 -2.00313
-4.34216 -14.177 -2.00231
-4.38653 -14.2731 -2.01172
-4.4237 -14.3515 -2.02217
-4.45587 -14.4176 -2.03119
-4.49329 -14.4924 -2.04255
-4.53842 -14.5806 -2.05016
-4.57337 -14.6476 -2.05461
-4.61064 -14.7184 -2.05767
-4.65674 -14.8053 -2.06242
-4.69844 -14.8831 -2.06632
-4.73624 -14.953 -2.06636
-4.77276 -15.0206 -2.06496
-4.81304 -15.0955 -2.06404
-4.86214 -15.1868 -2.06577
-4.89528 -15.2481 -2.06845
-4.93189 -15.3153 -2.07171
-4.98554 -15.4129 -2.07596
-5.02708 -15.4879 -2.07784
-5.06412 -15.5546 -2.07693
-5.10254 -15.6239 -2.0754
-5.13943 -15.6908 -2.07554
-5.18295 -15.7695 -2.07689
-5.23242 -15.8587 -2.07784
-5.26842 -15.9235 -2.07803
-5.30379 -15.987 -2.07938
-5.35777 -16.0836 -2.08091
-5.39738 -16.1543 -2.08245
-5.43498 -16.2212 -2.08398
-5.47453 -16.2914 -2.08398
-5.51201 -16.3579 -2.08486
-5.56851 -16.4579 -2.0833
-5.60691 -16.5262 -2.08398
-5.64416 -16.5923 -2.08398
-5.68182 -16.6591 -2.08277
-5.73607 -16.7555 -2.0855
-5.77317 -16.8211 -2.08552
-5.81072 -16.8875 -2.08552
-5.84907 -16.9553 -2.08552
-5.90577 -17.0555 -2.08461
-5.94341 -17.1223 -2.08398
-5.98289 -17.1924 -2.08245
-6.02025 -17.2589 -2.08245
-6.05958 -17.329 -2.08245
-6.11475 -17.4272 -2.08398
-6.15242 -17.494 -2.08398
-6.18851 -17.5581 -2.08247
-6.22775 -17.6278 -2.08398
-6.27951 -17.7197 -2.08398
-6.32174 -17.7946 -2.08516
-6.35946 -17.8613 -2.08705
-6.39706 -17.9275 -2.08705
-6.44453 -18.0111 -2.08705
-6.49136 -18.0936 -2.08652
-6.52928 -18.1606 -2.08666
-6.56536 -18.2243 -2.08552
-6.60437 -18.2932 -2.08562
-6.6593 -18.3901 -2.08846
-6.69947 -18.4607 -2.08858
-6.73743 -18.5273 -2.08858
-6.77477 -18.5929 -2.08964
-6.81492 -18.6632 -2.09119
-6.87104 -18.761 -2.09165
-6.91035 -18.8295 -2.09393
-6.95037 -18.8987 -2.09699
-6.98879 -18.9647 -2.10086
-7.04446 -19.0597 -2.10567
-7.08481 -19.1277 -2.11006
-7.12126 -19.1886 -2.10734
-7.16074 -19.255 -2.10699
-7.21937 -19.3535 -2.1075
-7.25851 -19.4195 -2.10211
-7.2972 -19.4855 -2.09855
-7.33541 -19.5512 -2.09564
-7.39194 -19.649 -2.09165
-7.4348 -19.7237 -2.09482
-7.47722 -19.797 -2.09854
-7.51639 -19.8642 -2.09608
-7.55755 -19.9353 -2.08781
-7.59719 -20.0053 -2.08091
-7.63664 -20.076 -2.07784
-7.67903 -20.1523 -2.07784
-7.72825 -20.2409 -2.07972
-7.76454 -20.3058 -2.08245
-7.80073 -20.3703 -2.07819
-7.89245 -20.5354 -2.08731
-7.96663 -20.6654 -2.17273
-7.99468 -20.7056 -2.29712
-7.99789 -20.7095 -2.36713
-7.99836 -20.7099 -2.43004
-7.99842 -20.7099 -2.52198
-7.99842 -20.7099 -2.58868
-7.99842 -20.7099 -2.65201
-7.99872 -20.7101 -2.71784
-7.99955 -20.7104 -2.79689
-7.99975 -20.7105 -2.87316
-7.99995 -20.7106 -2.93996
-8.0007 -20.7107 -3.00391
-8.0013 -20.7108 -3.06692
-8.00213 -20.7108 3.12832
-8.00268 -20.7108 3.06731
-8.00316 -20.7108 3.00286
-8.00355 -20.7107 2.92885
-8.00427 -20.7105 2.84702
-8.00473 -20.7104 2.78513
-8.00487 -20.7103 2.72181
-8.00517 -20.7102 2.65787
-8.0056 -20.71 2.56264
-8.0056 -20.71 2.49814
-8.0056 -20.71 2.4381
-8.00597 -20.7097 2.37402
-8.00597 -20.7097 2.3093
-8.00629 -20.7093 2.21585
-8.00629 -20.7093 2.15392
-8.00629 -20.7093 2.08858
-8.00629 -20.7093 2.0287
-8.00629 -20.7093 1.87958
-8.00644 -20.7088 1.81
-8.00644 -20.7088 1.74812
-8.00652 -20.7084 1.64978
-8.00654 -20.708 1.58806
-8.00654 -20.7079 1.52584
-8.0056 -20.6957 1.45793
-7.99526 -20.6222 1.36132
-7.97832 -20.5481 1.29954
-7.95547 -20.4707 1.23426
-7.92894 -20.3983 1.17011
-7.89817 -20.3285 1.10991
-7.8422 -20.2217 1.01426
-7.80452 -20.1626 0.965933
-7.76046 -20.1003 0.925785
-7.7115 -20.0365 0.890622
-7.64581 -19.9567 0.85863
-7.58664 -19.8886 0.838424
-7.53308 -19.8295 0.824893
-7.48035 -19.7725 0.822172
-7.41676 -19.7037 0.834213
-7.35239 -19.6324 0.854788
-7.30247 -19.5744 0.883445
-7.25645 -19.5176 0.914529
-7.19592 -19.4373 0.950997
-7.14826 -19.3701 0.973567
-7.10614 -19.3077 0.988024
-7.06421 -19.2437 0.998224
-7.00127 -19.1458 1.00574
-6.96041 -19.0813 1.00695
-6.92042 -19.018 1.00545
-6.87984 -18.9542 1.00256
-6.81714 -18.8563 0.997746
-6.77527 -18.7914 0.995176
-6.73385 -18.7278 0.99079
-6.68978 -18.6607 0.986197
-6.63948 -18.5848 0.984019
-6.58679 -18.5056 0.983687
-6.54236 -18.4389 0.982153
-6.49973 -18.3751 0.979223
-6.45845 -18.3138 0.97639
-6.39362 -18.2182 0.970436
-6.35283 -18.1587 0.966636
-6.30884 -18.095 0.963833
-6.26323 -18.0294 0.960778
-6.19603 -17.9335 0.956461
-6.1519 -17.8711 0.952731
-6.10497 -17.8052 0.949658
-6.06028 -17.7429 0.943173
-6.01509 -17.6808 0.93546
-5.94546 -17.5869 0.923757
-5.90155 -17.5289 0.918198
-5.85556 -17.4689 0.913671
-5.80629 -17.4051 0.912137
-5.73928 -17.3187 0.906415
-5.69214 -17.2586 0.903489
-5.64491 -17.1987 0.902717
-5.59732 -17.1384 0.901183
-5.52707 -17.0497 0.901377
-5.47768 -16.9872 0.902717
-5.43148 -16.9286 0.902717
-5.38474 -16.8693 0.904251
-5.31395 -16.7793 0.904251
-5.26312 -16.7148 0.901546
-5.21566 -16.6547 0.902717
-5.16645 -16.5924 0.902717
-5.11922 -16.5325 0.904251
-5.04736 -16.4411 0.907245
-4.99999 -16.3804 0.90671
-4.95266 -16.32 0.903781
-4.90524 -16.2599 0.900858
-4.85513 -16.1967 0.899319
-4.78253 -16.1056 0.886825
-4.73596 -16.0487 0.8798
-4.68502 -15.9873 0.873761
-4.63661 -15.9296 0.869198
-4.56993 -15.8509 0.865285
-4.51093 -15.7817 0.861299
-4.46116 -15.7238 0.859765
-4.40902 -15.6633 0.859765
-4.35927 -15.6056 0.858231
-4.30047 -15.5375 0.85767
-4.23228 -15.4588 0.853629
-4.18241 -15.4016 0.852095
-4.12932 -15.3409 0.852095
-4.07685 -15.2809 0.853629
-4.00722 -15.2011 0.853629
-3.95494 -15.1411 0.854934
-3.90471 -15.0834 0.855163
-3.85465 -15.0259 0.853629
-3.7822 -14.9428 0.852095
-3.7296 -14.8827 0.852095
-3.67911 -14.8249 0.853155
-3.62639 -14.7646 0.851625
-3.57035 -14.7007 0.848365
-3.49853 -14.6194 0.842692
-3.44499 -14.5594 0.839626
-3.39589 -14.5047 0.836793
-3.34511 -14.4484 0.835439
-3.26942 -14.3648 0.834182
-3.21607 -14.306 0.833687
-3.16406 -14.2487 0.834576
-3.1105 -14.1896 0.834323
-3.05878 -14.1326 0.83293
-2.98034 -14.0465 0.829701
-2.92879 -13.9901 0.830619
-2.8747 -13.9309 0.830619
-2.82345 -13.8747 0.830619
-2.76891 -13.815 0.830619
-2.69485 -13.734 0.829122
-2.6441 -13.6786 0.827768
-2.59221 -13.6222 0.824847
-2.53799 -13.5635 0.824483
-2.46791 -13.4877 0.823448
-2.40701 -13.422 0.822949
-2.35257 -13.3633 0.824483
-2.30048 -13.307 0.822949
-2.24626 -13.2486 0.821415
-2.16885 -13.1654 0.820927
-2.11982 -13.1128 0.819881
-2.06909 -13.0584 0.819881
-1.99799 -12.9822 0.819881
-1.87899 -12.8547 0.819881
-1.82411 -12.7959 0.819881
-1.7718 -12.74 0.819641
-1.71715 -12.6814 0.819881
-1.66481 -12.6253 0.821415
-1.58808 -12.5428 0.824716
-1.5362 -12.4866 0.826017
-1.483 -12.4288 0.826017
-1.43041 -12.3718 0.825422
-1.36273 -12.2986 0.821603
-1.3089 -12.2408 0.815997
-1.25931 -12.1882 0.806628
-1.18515 -12.1117 0.791833
-1.12177 -12.0476 0.782853
-1.06761 -11.9939 0.779261
-1.01066 -11.9377 0.776192
-0.956145 -11.8842 0.773861
-0.892965 -11.8226 0.770793
-0.815119 -11.747 0.770793
-0.759989 -11.6934 0.772011
-0.705253 -11.6402 0.770793
-0.647382 -11.584 0.769062
-0.566672 -11.506 0.76625
-0.508234 -11.4498 0.767645
-0.453034 -11.3965 0.767725
-0.398291 -11.3437 0.767725
-0.343298 -11.2905 0.770288
-0.259542 -11.2093 0.769259
-0.204755 -11.1562 0.769259
-0.149553 -11.1028 0.769259
-0.092196 -11.0472 0.769866
-0.029985 -10.9869 0.771222
0.045995 -10.9129 0.775725
0.10118 -10.8588 0.777122
0.153675 -10.8071 0.778463
0.207559 -10.7539 0.778463
0.290297 -10.6724 0.77811
0.344676 -10.6187 0.779997
0.398894 -10.565 0.78064
0.455997 -10.5085 0.782422
0.521999 -10.4426 0.786829
0.59232 -10.3721 0.789201
0.646315 -10.3177 0.789201
0.700202 -10.2634 0.789538
0.753521 -10.2095 0.790735
0.833948 -10.1282 0.793757
0.887333 -10.074 0.79512
0.941197 -10.0191 0.794973
0.997519 -9.96166 0.794171
1.06694 -9.89104 0.791893
1.12969 -9.82752 0.789951
1.18586 -9.7708 0.790735
1.2387 -9.71739 0.789605
1.30118 -9.65452 0.786316
1.37306 -9.58263 0.779613
1.42543 -9.53099 0.77248
1.47743 -9.48045 0.766879
1.55282 -9.4081 0.757782
1.6192 -9.34549 0.748802
1.67498 -9.29385 0.74141
1.73133 -9.24231 0.738633
1.78805 -9.19078 0.734311
1.87228 -9.11496 0.729051
1.93131 -9.06231 0.725721
1.98902 -9.01123 0.723072
2.04862 -8.95872 0.719823
2.12821 -8.88917 0.710386
2.18952 -8.83656 0.702909
2.25064 -8.78489 0.696776
2.30931 -8.73601 0.687993
2.36842 -8.68759 0.679905
2.45958 -8.61442 0.664267
2.51957 -8.56761 0.657029
2.58007 -8.52112 0.65067
2.64399 -8.47254 0.647129
2.71131 -8.42182 0.64285
2.79399 -8.35996 0.640403
2.85728 -8.3128 0.641857
2.91767 -8.26766 0.641937
2.98152 -8.21986 0.644772
3.07205 -8.15177 0.646041
3.13193 -8.10659 0.647363
3.18872 -8.0636 0.650082
3.27908 -7.99475 0.659247
3.33713 -7.94965 0.666375
3.39695 -7.90247 0.673515
3.45617 -7.85507 0.681916
3.53848 -7.78767 0.696015
3.60779 -7.72957 0.705358
3.66576 -7.68006 0.712123
3.72389 -7.62972 0.718619
3.7815 -7.57918 0.725087
3.86864 -7.50156 0.735511
3.92324 -7.45214 0.7375
3.97061 -7.40901 0.742427
4.05634 -7.33027 0.747252
4.12044 -7.27091 0.748726
4.1767 -7.21866 0.750495
4.24096 -7.15872 0.762929
4.29563 -7.10616 0.775861
4.35032 -7.05218 0.790317
4.41969 -6.98142 0.809538
4.48022 -6.91762 0.827766
4.53304 -6.85957 0.847219
4.58337 -6.80204 0.867248
4.63737 -6.73772 0.88593
4.7058 -6.65332 0.906581
4.749 -6.59789 0.91732
4.79307 -6.54015 0.923272
4.86031 -6.45089 0.935584
4.90776 -6.38588 0.9571
4.94986 -6.32532 0.985457
4.98817 -6.26672 1.01069
5.03213 -6.19558 1.033
5.08031 -6.11413 1.05565
5.1182 -6.0465 1.07041
5.1539 -5.98094 1.07891
5.18928 -5.91467 1.08473
5.24348 -5.8115 1.09635
5.2783 -5.74343 1.10258
5.3124 -5.67578 1.11195
5.34578 -5.60735 1.13366
5.3808 -5.53103 1.1664
5.41466 -5.45107 1.22733
5.43919 -5.38657 1.29044
5.45454 -5.33175 1.35915
5.46242 -5.29344 1.42711
5.46622 -5.26428 1.49002
5.46806 -5.23636 1.55295
5.46813 -5.21007 1.61661
5.46542 -5.169 1.7125
5.46092 -5.14063 1.77534
5.45439 -5.11131 1.84128
5.4497 -5.09498 1.90237
5.44853 -5.09158 1.92754
5.44853 -5.09158 1.93905
5.44853 -5.09158 1.98921
5.44853 -5.09158 2.05154
5.44853 -5.09158 2.10874
5.44728 -5.08958 2.14045
5.43433 -5.07013 2.18127
5.40377 -5.0272 2.20707
5.35175 -4.95759 2.22439
5.29126 -4.87891 2.23686
5.24247 -4.81711 2.24314
5.19412 -4.75645 2.24607
5.13193 -4.67884 2.24258
5.07391 -4.60565 2.23298
5.02955 -4.5485 2.22946
5.00547 -4.51751 2.25847
5.00238 -4.51367 2.22435
4.99989 -4.51042 2.22495
4.99924 -4.50958 2.22495
4.99924 -4.50958 2.22495
4.99924 -4.50958 2.22495
4.99895 -4.50919 2.22495
4.99895 -4.50919 2.22495
